# energy    low      high   crosssection   unc+     unc-     collaboration
2.00E+002   0.0      0.0     5.467E+001  1.35E+0 1.35E+0          STAR
2.76E+003   0.0      0.0     8.470E+001  3.30E+0 3.30E+0          TOTEM
7.00E+003   0.0      0.0     9.800E+001  2.50E+0 2.50E+0          TOTEM
7.00E+003   0.0      0.0     9.860E+001  2.20E+0 2.20E+0          TOTEM
8.00E+003   0.0      0.0     1.015E+002  2.10E+0 2.10E+0          TOTEM
8.00E+003   0.0      0.0     1.029E+002  2.30E+0 2.30E+0          TOTEM
1.30E+004   0.0      0.0     1.106E+002  3.40E+0 3.40E+0          TOTEM
1.30E+004   0.0      0.0     1.103E+002  3.50E+0 3.50E+0          TOTEM
1.30E+004   0.0      0.0     1.105E+002  2.40E+0 2.40E+0          TOTEM
5.70E+004   6.0E+3   6.0E+3  1.330E+002  2.67E+1 2.87E+1          AUGER

