-3.364502E-03 -3.934964E-01 3.425111E-01 -2.546214E-01 -4.252737E-02 4.500998E+00 7.626531E-01 4.407051E+00
3.880592E-01 -4.022339E-01 8.605500E-01 -3.144278E-01 1.026371E-02 4.632651E+00 8.677102E-01 4.519056E+00
3.833923E-01 -2.202246E-01 8.236197E-01 -1.075434E-01 4.723525E-02 4.739129E+00 8.397088E-01 4.603061E+00
-4.490021E-01 -4.284464E-01 -3.572070E-01 -3.058326E-01 1.650432E-01 4.443752E+00 1.124986E+00 4.309642E+00
3.788697E-02 1.116294E-01 1.513806E-01 3.163841E-01 -2.357145E-01 4.802537E+00 7.131061E-01 4.694714E+00
-2.833788E-01 -3.631097E-01 -1.145622E-01 -3.128369E-01 -5.307155E-01 4.730496E+00 1.443400E-01 4.635729E+00
7.200058E-01 -2.768238E-01 1.174874E+00 -2.101646E-01 7.232386E-01 4.560287E+00 1.099863E+00 4.428103E+00
-1.153702E-01 -1.881526E-01 1.367467E-01 -8.900702E-02 1.165915E-01 4.655921E+00 1.190323E+00 4.486984E+00
-5.540593E-01 -1.041483E-01 -3.101179E-01 8.566146E-02 7.354323E-01 4.427137E+00 1.393991E+00 4.376654E+00
1.798374E-01 -2.966841E-01 5.148759E-01 -2.086660E-01 -1.292854E-01 4.376301E+00 7.267039E-01 4.279331E+00
-5.003355E-02 -1.601512E-01 2.430610E-01 -6.248667E-04 -7.060637E-02 4.383780E+00 8.687992E-01 4.319572E+00
2.169665E-01 1.192261E-01 5.852550E-01 2.341454E-01 1.111663E-01 4.632049E+00 1.052598E+00 4.492844E+00
-4.700550E-01 -2.014403E-02 -3.101179E-01 8.566146E-02 4.126336E-01 4.456573E+00 1.212277E+00 4.298214E+00
2.317697E-01 -5.317146E-01 6.691983E-01 -4.059902E-01 5.243583E-01 4.474536E+00 1.216535E+00 4.401191E+00
3.023339E-01 4.234082E-02 6.793571E-01 1.923883E-01 3.165259E-01 4.564699E+00 1.129057E+00 4.407051E+00
4.191990E-01 8.811343E-02 8.341789E-01 2.150634E-01 4.648585E-01 4.469542E+00 1.142461E+00 4.377364E+00
3.635604E-02 -9.242920E-02 2.169586E-01 1.743778E-02 2.185466E-01 4.579092E+00 9.318542E-01 4.475965E+00
3.805144E-01 -4.456750E-02 7.715370E-01 9.537870E-02 -1.540673E-01 4.581882E+00 7.638457E-01 4.457298E+00
4.548366E-02 1.040328E-01 2.306981E-01 2.550072E-01 6.152467E-02 4.737681E+00 1.023403E+00 4.631659E+00
2.883689E-01 -5.311182E-01 6.400607E-01 -4.650675E-01 6.075662E-01 5.194995E+00 1.167585E+00 5.005607E+00
2.362304E-01 9.996217E-02 6.538993E-01 2.682729E-01 3.244177E-01 4.778180E+00 1.055579E+00 4.632255E+00
5.696943E-02 7.699063E-02 2.818634E-01 2.132376E-01 -1.214814E-01 4.422117E+00 7.335626E-01 4.300905E+00
3.711805E-01 -3.013510E-01 8.112798E-01 -1.808856E-01 -5.944769E-02 4.458012E+00 8.052515E-01 4.341221E+00
3.571798E-01 -5.161971E-02 8.146896E-01 6.125395E-02 -2.587731E-01 4.442933E+00 9.112266E-01 4.267743E+00
2.626491E-01 3.238458E-02 6.134071E-01 2.145381E-01 7.044691E-02 4.422018E+00 1.079270E+00 4.307496E+00
2.299807E-01 1.719121E-02 4.812576E-01 1.488380E-01 1.312386E-01 4.386584E+00 1.049116E+00 4.296738E+00
2.751485E-02 4.231472E-02 2.314704E-01 2.560321E-01 3.984585E-02 4.839213E+00 1.022911E+00 4.674257E+00
-1.736522E-02 -6.095352E-02 1.056911E-01 8.911729E-02 1.138781E-01 5.576336E+00 8.904485E-01 5.357414E+00
8.212579E-02 6.534627E-02 2.709404E-01 1.987423E-01 -3.158938E-02 4.633245E+00 7.700192E-01 4.494215E+00
3.233188E-01 -1.017630E-01 7.537172E-01 -1.381089E-03 -8.224218E-02 4.498925E+00 7.667236E-01 4.396031E+00
1.507924E-01 9.206207E-02 4.467352E-01 2.696600E-01 6.125195E-02 4.428947E+00 8.280934E-01 4.311431E+00
1.985051E-01 -5.649793E-01 4.805313E-01 -5.101354E-01 -6.585205E-02 4.679816E+00 9.265910E-01 4.553514E+00
-4.327197E-01 -3.881165E-02 -2.976503E-01 1.022065E-01 3.366584E-01 4.355751E+00 1.028174E+00 4.306168E+00
3.764438E-01 -5.916454E-02 8.074493E-01 6.992375E-02 1.386750E-01 4.396453E+00 1.054386E+00 4.332380E+00
7.643932E-01 3.824414E-02 1.351318E+00 2.110291E-01 1.800796E-02 4.482285E+00 8.263044E-01 4.384313E+00
4.073231E-01 -5.747927E-02 1.017271E+00 9.247403E-02 -8.015700E-02 4.638899E+00 9.563814E-01 4.523723E+00
-3.143452E-02 -1.541193E-01 2.601112E-01 -1.668696E-02 -5.722309E-02 4.786899E+00 6.466805E-01 4.678328E+00
2.545079E-01 -2.849649E-01 5.412309E-01 -2.285258E-01 4.083489E-01 4.766629E+00 1.018244E+00 4.669590E+00
3.859526E-01 1.094333E-01 7.974943E-01 2.394935E-01 -8.332165E-02 4.347817E+00 8.021932E-01 4.295365E+00
-2.203212E-02 -2.814907E-01 4.904183E-02 -1.849848E-01 -1.333704E-01 4.431076E+00 7.305810E-01 4.330695E+00
3.424433E-01 5.802681E-02 7.857990E-01 2.239733E-01 -3.158226E-01 4.748261E+00 4.984285E-01 4.592041E+00
7.301069E-02 7.650572E-02 2.832803E-01 2.720845E-01 2.787004E-01 4.977912E+00 1.210676E+00 4.810790E+00
1.388218E-01 1.040328E-01 3.758377E-01 2.282776E-01 1.451833E-01 4.417397E+00 9.155720E-01 4.305572E+00
-5.410413E-02 -2.096981E-01 4.586159E-02 -9.994734E-02 4.909788E-01 5.291114E+00 1.127864E+00 5.109472E+00
6.208081E-01 -2.709642E-01 1.061317E+00 -1.780800E-01 -5.576960E-01 4.759092E+00 6.075562E-01 4.632255E+00
1.489581E-01 -1.222196E-01 4.553003E-01 4.723213E-03 1.393473E-02 4.418186E+00 8.461647E-01 4.320168E+00
2.241212E-01 -7.260393E-01 6.254212E-01 -6.468648E-01 1.610225E-02 4.807704E+00 9.645226E-01 4.702258E+00
3.513203E-01 -2.814907E-01 5.207506E-01 -2.374260E-01 5.393488E-01 5.607909E+00 1.494268E+00 5.518967E+00
4.330429E-01 4.291104E-02 8.341789E-01 2.150634E-01 1.581021E-01 4.557471E+00 1.075439E+00 4.456105E+00
2.870750E-02 -6.869151E-01 2.064223E-01 -6.341433E-01 4.519904E-01 4.733743E+00 1.115056E+00 4.582111E+00
1.226419E-01 -4.168309E-01 3.886011E-01 -3.031261E-01 1.644175E-01 4.755091E+00 9.231168E-01 4.604850E+00
1.763632E-01 -4.004449E-01 4.530063E-01 -3.273258E-01 2.993877E-01 4.516062E+00 9.971910E-01 4.418770E+00
3.912823E-01 5.953856E-02 8.517489E-01 2.018235E-01 2.276893E-01 4.603147E+00 1.203131E+00 4.484703E+00
2.742806E-01 8.320216E-02 6.555349E-01 1.811857E-01 2.609242E-01 4.795081E+00 9.983836E-01 4.668397E+00
3.332490E-01 9.646381E-03 7.180547E-01 1.340736E-01 -1.992686E-01 4.594319E+00 7.510377E-01 4.488773E+00
7.865351E-01 -1.566769E-01 1.252769E+00 -1.067946E-01 1.413759E-01 5.050449E+00 9.213278E-01 4.894794E+00
1.973124E-01 -1.088152E-01 5.995400E-01 3.376576E-02 4.450938E-01 4.590187E+00 1.247519E+00 4.470702E+00
1.378353E-01 -1.005704E-01 4.025904E-01 4.444300E-02 1.032749E-01 4.583314E+00 1.064913E+00 4.436245E+00
1.366426E-01 2.652502E-02 4.293200E-01 1.895827E-01 1.426052E-01 4.625942E+00 8.985896E-01 4.498703E+00
1.541176E-01 9.050054E-03 4.754100E-01 1.410779E-01 2.758228E-02 4.392430E+00 8.741122E-01 4.292854E+00
2.140626E-01 2.516207E-02 5.867996E-01 2.361952E-01 2.038348E-01 4.507537E+00 9.324506E-01 4.390172E+00
3.919159E-01 1.153966E-01 8.387588E-01 2.942532E-01 9.870501E-02 4.917322E+00 7.159840E-01 4.726786E+00
2.697301E-01 -2.950663E-02 6.825373E-01 1.073508E-01 -6.941441E-01 4.531349E+00 4.162132E-01 4.391857E+00
8.697886E-01 1.197706E-01 1.532352E+00 2.642249E-01 5.557406E-02 4.402281E+00 8.403051E-01 4.314309E+00
1.075523E-01 -6.185968E-01 3.748616E-01 -5.406955E-01 2.216367E-01 4.411481E+00 9.295727E-01 4.310238E+00
-1.090933E-02 -1.806078E-01 2.291764E-01 -7.601687E-02 1.248036E-01 4.513283E+00 8.933264E-01 4.400102E+00
1.991014E-01 -1.292718E-01 5.344901E-01 1.433834E-04 1.239153E-01 4.516064E+00 9.342396E-01 4.398910E+00
1.559066E-01 3.125721E-04 3.896002E-01 1.368727E-01 3.496841E-01 4.592373E+00 1.021718E+00 4.479440E+00
2.977027E-01 -1.484320E-01 6.355799E-01 -4.848629E-02 5.478729E-01 4.361871E+00 1.172359E+00 4.298552E+00
1.646441E-01 -1.476408E-03 4.812576E-01 1.488380E-01 3.245140E-01 4.575299E+00 9.890498E-01 4.453720E+00
1.705036E-01 -1.006741E-01 5.161478E-01 1.235840E-02 -2.959638E-02 4.518158E+00 7.847949E-01 4.384909E+00
1.879786E-01 -1.088152E-01 5.203502E-01 3.834559E-02 1.576906E-01 4.573254E+00 1.061335E+00 4.474772E+00
2.831057E-01 -6.969100E-02 6.732596E-01 7.462847E-02 1.212400E-03 4.458718E+00 8.133927E-01 4.349362E+00
1.856970E-01 -1.905379E-01 5.080103E-01 -3.499658E-02 2.001476E-02 5.141901E+00 8.216375E-01 4.970061E+00
1.063621E-02 -2.114871E-01 6.152882E-02 -3.071940E-02 4.104201E-01 4.434505E+00 1.055579E+00 4.352241E+00
5.065207E-01 -1.566769E-01 8.294673E-01 -9.978335E-02 2.904284E-01 4.713943E+00 1.164603E+00 4.595516E+00
1.331684E-01 -6.333882E-02 4.423102E-01 9.715295E-02 2.255607E-01 4.408525E+00 9.369804E-01 4.293497E+00
5.566640E-01 -3.934964E-01 1.198194E+00 -3.071645E-01 4.307776E-01 4.667087E+00 1.278398E+00 4.556392E+00
3.285820E-01 -7.207631E-02 7.325895E-01 4.369367E-02 -1.051007E-02 5.082263E+00 8.559911E-01 4.866793E+00
-4.323939E-02 9.941771E-02 1.039007E-01 2.695218E-01 7.725750E-02 4.650393E+00 1.004243E+00 4.496914E+00
1.524323E-01 -4.698521E-01 4.699684E-01 -3.660477E-01 3.353321E-01 4.657425E+00 1.038000E+00 4.535442E+00
2.859836E-01 -1.134821E-01 6.556897E-01 8.786840E-02 1.107957E-01 4.436101E+00 1.064913E+00 4.352241E+00
1.598896E-01 6.214924E-02 3.525575E-01 2.458205E-01 2.107637E-01 4.516732E+00 9.586630E-01 4.390769E+00
4.213238E-01 2.185812E-02 8.097121E-01 1.460388E-01 7.478651E-02 4.463236E+00 9.283800E-01 4.386101E+00
1.545990E-02 1.065736E-01 3.567060E-02 3.209369E-01 3.577102E-01 4.474225E+00 1.027474E+00 4.347574E+00
4.475006E-01 5.455255E-02 9.945716E-01 1.720191E-01 2.435546E-01 4.560247E+00 1.168777E+00 4.456105E+00
1.862168E-01 8.956535E-02 4.955197E-01 2.774326E-01 9.529385E-02 4.454991E+00 8.782367E-01 4.342906E+00
-2.915199E-01 -6.560357E-01 -2.496289E-01 -5.813343E-01 1.201408E-01 4.487964E+00 8.315677E-01 4.408243E+00
2.833990E-01 6.127569E-02 5.665448E-01 2.620179E-01 8.689803E-01 5.690077E+00 1.273731E+00 5.494440E+00
-4.187190E-01 -4.448324E-01 -4.101667E-01 -3.761126E-01 5.024704E-01 4.465900E+00 1.203727E+00 4.390769E+00
2.463693E-02 -4.814545E-02 2.031961E-01 1.088426E-01 -7.972345E-03 4.667145E+00 9.143793E-01 4.565725E+00
1.938024E-01 5.753419E-02 4.690398E-01 2.422926E-01 9.923978E-02 4.624507E+00 8.892558E-01 4.497511E+00
3.979893E-01 -4.214978E-01 7.272604E-01 -3.654953E-01 1.131801E-01 4.745891E+00 1.074247E+00 4.632255E+00
1.654885E-02 1.054847E-01 1.374960E-01 2.409921E-01 3.606805E-01 4.709533E+00 1.050316E+00 4.553514E+00
2.480520E-01 -1.595548E-01 6.516053E-01 -6.377605E-02 -4.683691E-02 4.448509E+00 8.192523E-01 4.326028E+00
2.423904E-01 3.893464E-02 6.719648E-01 1.825784E-01 6.125195E-02 4.428947E+00 8.338493E-01 4.328906E+00
6.727403E-01 -1.362203E-01 1.299386E+00 2.817993E-02 -2.048193E-02 4.428649E+00 8.933264E-01 4.317291E+00
3.173336E-01 4.762870E+00 7.387412E-01 5.561059E+00 2.583533E-02 -4.903610E-01 8.520851E-01 -4.983583E-03
5.999267E-02 4.586292E+00 3.717433E-01 5.250906E+00 1.299503E-01 -9.087012E-01 9.503295E-01 -3.647259E-01
-4.289434E-01 4.564046E+00 -4.089691E-01 5.252511E+00 8.062534E-01 -1.064032E+00 1.125287E+00 -4.779243E-01
7.460276E-01 4.712298E+00 1.317542E+00 5.487511E+00 -5.524455E-01 -9.369251E-01 4.877096E-01 -4.621346E-01
2.244233E-01 5.030737E+00 4.981543E-01 5.847767E+00 1.199072E-01 -6.067936E-01 9.578743E-01 -1.238359E-01
-9.054094E-02 4.809111E+00 -1.000433E-01 5.614641E+00 -1.324332E-01 -5.550191E-01 8.024973E-01 -5.054877E-02
2.700739E-01 4.562887E+00 6.286480E-01 5.313456E+00 9.531196E-02 -5.159948E-01 9.307743E-01 -1.963248E-02
9.997249E-02 4.595160E+00 3.791896E-01 5.336154E+00 1.758825E-01 -8.038799E-01 9.444699E-01 -2.853886E-01
2.102929E-01 4.798818E+00 5.460396E-01 5.582308E+00 -4.710718E-01 -5.384395E-01 5.076096E-01 -9.688364E-02
1.310852E-01 4.844061E+00 3.338026E-01 5.629665E+00 3.648907E-01 -6.818568E-01 1.097881E+00 -1.786461E-01
1.925198E-01 4.918070E+00 5.200275E-01 5.717653E+00 1.236181E-01 -1.026773E+00 9.513696E-01 -4.979371E-01
1.614719E-01 4.594433E+00 4.398704E-01 5.331748E+00 4.359686E-01 -7.095695E-01 1.081599E+00 -2.159813E-01
-1.486309E-01 4.608032E+00 -1.878284E-01 5.308908E+00 -3.980483E-01 -9.075022E-01 6.277167E-01 -4.154656E-01
-6.972136E-02 4.705480E+00 3.424118E-02 5.451470E+00 7.724790E-01 -8.237146E-01 1.272942E+00 -3.139863E-01
1.894733E-01 4.622435E+00 3.344505E-01 5.411188E+00 7.467050E-02 -7.379872E-01 8.610620E-01 -2.754584E-01
-1.070566E-01 4.668145E+00 2.260790E-01 5.327570E+00 7.900479E-02 -5.376352E-01 8.493429E-01 -1.005013E-01
2.081410E-01 4.827779E+00 5.692671E-01 5.606125E+00 5.182677E-02 -7.930381E-01 8.739737E-01 -2.953187E-01
2.244233E-01 4.750723E+00 6.225276E-01 5.524670E+00 -1.907888E-01 -6.763269E-01 7.222475E-01 -2.113144E-01
3.177614E-01 4.937399E+00 8.883380E-01 5.750015E+00 -2.765414E-01 -8.038939E-01 5.134294E-01 -3.011782E-01
3.774709E-02 4.844061E+00 2.090267E-01 5.629663E+00 2.913058E-01 -6.698390E-01 9.864721E-01 -1.605748E-01
1.583606E-01 4.653547E+00 5.321430E-01 5.404726E+00 -2.263760E-01 -5.658132E-01 6.866891E-01 -7.647890E-02
3.379198E-01 4.814569E+00 7.070892E-01 5.576692E+00 1.669550E-01 -5.305896E-01 9.345447E-01 -5.633054E-02
2.028777E-01 4.635839E+00 5.675625E-01 5.391533E+00 3.131689E-01 -6.655619E-01 1.023315E+00 -1.576968E-01
-3.062399E-03 4.523237E+00 1.633947E-01 5.282891E+00 -4.372023E-01 -1.366635E+00 5.146468E-01 -8.085498E-01
2.688256E-01 4.463874E+00 6.139102E-01 5.233702E+00 -2.263077E-01 -8.716361E-01 7.677239E-01 -3.687965E-01
-1.380396E-01 4.543823E+00 -1.872779E-01 5.267172E+00 -7.980772E-01 -7.145481E-01 2.596276E-01 -2.340526E-01
1.209606E-01 4.597610E+00 4.727204E-01 5.265674E+00 2.218228E-01 -1.499626E+00 1.023315E+00 -9.044016E-01
7.961959E-02 4.574806E+00 3.429832E-01 5.312843E+00 7.060783E-03 -7.427764E-01 8.972046E-01 -2.579834E-01
2.517238E-02 4.763298E+00 1.961806E-01 5.556703E+00 6.162587E-01 -5.676166E-01 1.181388E+00 -4.501031E-02
4.733249E-01 4.781836E+00 9.196767E-01 5.589996E+00 -2.504165E-01 -7.636198E-01 7.052652E-01 -3.379171E-01
1.033231E-01 4.800743E+00 3.671602E-01 5.564263E+00 1.062306E-01 -9.910522E-01 8.774480E-01 -4.785206E-01
1.447229E-01 4.655466E+00 4.285073E-01 5.404404E+00 2.830240E-01 -7.193350E-01 9.929280E-01 -2.206482E-01
1.222181E-01 4.804081E+00 4.286019E-01 5.588163E+00 -1.227304E-01 -7.710450E-01 7.630570E-01 -2.707915E-01
1.310852E-01 4.564046E+00 3.871027E-01 5.313755E+00 2.233396E-01 -5.215656E-01 9.869178E-01 -4.466328E-02
1.372390E-01 -2.888151E-02 3.896002E-01 1.368727E-01 2.957819E-01 4.666477E+00 9.598557E-01 4.568111E+00
3.367232E-01 1.312063E-02 7.180547E-01 1.340736E-01 2.383534E-02 4.477894E+00 1.004139E+00 4.360382E+00
1.232383E-01 -4.080935E-01 3.952211E-01 -2.943411E-01 2.512631E-02 5.067713E+00 1.231729E+00 4.901742E+00
1.751705E-01 -4.456750E-02 5.347399E-01 1.101431E-01 4.467318E-02 4.387815E+00 1.041343E+00 4.288965E+00
1.646441E-01 -1.476408E-03 5.744597E-01 1.628530E-01 -1.384804E-01 4.383230E+00 8.256667E-01 4.259965E+00
3.256794E-01 4.344078E-02 6.933693E-01 2.109832E-01 7.167708E-01 4.421504E+00 1.251589E+00 4.361574E+00
2.626491E-01 -1.834857E-01 8.117793E-01 3.911384E-02 8.156509E-01 4.552722E+00 1.381070E+00 4.472387E+00
3.898481E-01 -1.869600E-01 9.171992E-01 -4.032574E-02 -3.543775E-01 4.762898E+00 6.191717E-01 4.674257E+00
2.346476E-01 2.185812E-02 5.614696E-01 2.552828E-01 2.959375E-02 4.587141E+00 1.015859E+00 4.445579E+00
3.367232E-01 1.312063E-02 7.846492E-01 1.697458E-01 8.130409E-03 4.685956E+00 8.175670E-01 4.562251E+00
-1.707767E-01 -2.330327E-01 -2.158978E-01 -8.175291E-02 -1.662366E-01 4.455842E+00 7.591788E-01 4.403576E+00
3.962275E-01 1.128999E-01 5.744597E-01 1.628530E-01 6.479896E-01 4.420765E+00 1.231729E+00 4.341714E+00
2.492447E-01 3.125721E-04 6.173598E-01 1.305255E-01 8.095085E-02 4.507120E+00 1.004243E+00 4.375575E+00
7.130598E-02 -1.476408E-03 4.072951E-01 1.786327E-01 1.923786E-02 4.481359E+00 8.711845E-01 4.422244E+00
2.061471E-01 1.163040E-01 4.815074E-01 2.588377E-01 -5.790776E-02 4.480587E+00 9.359248E-01 4.338836E+00
-1.150566E-02 -3.853553E-01 1.142222E-01 -3.199565E-01 3.208900E-01 5.318004E+00 1.014666E+00 5.118805E+00
3.671100E-01 -2.039423E-01 7.895046E-01 -8.183590E-02 5.388980E-04 4.567715E+00 8.484463E-01 4.475369E+00
7.211984E-01 -9.828875E-02 1.168009E+00 -3.649525E-02 1.103817E+00 5.265193E+00 1.829093E+00 5.107086E+00
2.362304E-01 9.996217E-02 7.330891E-01 2.636931E-01 1.100486E+00 5.095213E+00 1.684419E+00 4.955464E+00
5.006612E-01 -3.188259E-01 1.048849E+00 -1.946251E-01 -4.685325E-01 4.631942E+00 5.876960E-01 4.519056E+00
4.324466E-01 -1.368814E-02 8.647391E-01 1.093938E-01 -2.239174E-01 4.530252E+00 6.506473E-01 4.456105E+00
2.230322E-01 -7.376157E-02 5.456802E-01 1.925802E-02 2.989584E-02 4.721251E+00 1.025192E+00 4.569304E+00
3.983029E-02 -5.113617E-01 2.027195E-01 -4.401311E-01 4.051972E-01 4.446705E+00 1.039789E+00 4.336451E+00
1.745385E-01 7.679813E-02 4.277754E-01 1.875329E-01 9.127763E-01 4.963947E+00 1.356543E+00 4.832932E+00
8.063979E-02 -2.721569E-01 3.361409E-01 -1.534066E-01 -5.093327E-01 4.549102E+00 5.305005E-01 4.410629E+00
2.253138E-01 2.424342E-02 5.507652E-01 9.485334E-02 -1.308613E-01 4.832014E+00 8.764477E-01 4.707521E+00
4.610444E-01 -1.952048E-01 9.655791E-01 -4.923562E-02 -2.180089E-01 4.697234E+00 7.037722E-01 4.552321E+00
4.446584E-01 -5.615050E-01 1.035110E+00 -4.321945E-01 1.868150E-01 4.784813E+00 1.119723E+00 4.653308E+00
1.500470E-01 1.312063E-02 4.086878E-01 1.622028E-01 3.444841E-01 4.585472E+00 1.033334E+00 4.484107E+00
3.668070E-01 6.067936E-02 8.006746E-01 1.544560E-01 -4.386586E-01 4.970939E+00 6.116268E-01 4.841669E+00
4.834796E-01 4.787130E-02 1.079508E+00 1.954763E-01 1.013342E+00 4.713563E+00 1.491883E+00 4.604253E+00
1.421417E-02 -1.636254E-01 1.874068E-01 -1.271822E-01 -1.928271E-02 4.870409E+00 7.031760E-01 4.758261E+00
2.626491E-01 -1.624328E-01 7.181998E-01 -2.810384E-02 6.925350E-02 4.451933E+00 9.670659E-01 4.293239E+00
1.774521E-01 -1.193417E-01 5.313002E-01 1.632067E-02 1.451833E-01 4.417397E+00 1.091722E+00 4.305572E+00
2.682715E-01 -5.741796E-01 8.105304E-01 -5.108848E-01 -1.237685E-01 4.454784E+00 9.377138E-01 4.318379E+00
2.539116E-01 -5.221603E-02 5.786648E-01 7.704327E-02 -3.099954E-01 4.451459E+00 8.887632E-01 4.353433E+00
6.587396E-01 -2.155577E-01 1.075579E+00 -4.948540E-02 1.878524E-01 4.857353E+00 1.083580E+00 4.724400E+00
3.092156E-01 1.203151E-01 6.936191E-01 3.209829E-01 2.801112E-01 4.608759E+00 1.082388E+00 4.453720E+00
-1.573724E-01 -1.368167E-01 -1.525106E-01 7.547689E-02 6.005091E-01 4.367322E+00 1.159936E+00 4.330695E+00
9.170335E-02 1.089398E-01 4.163299E-01 2.820124E-01 5.274071E-02 4.528378E+00 8.356382E-01 4.412314E+00
-2.768175E-03 1.778754E-02 1.267008E-01 1.696998E-01 3.485152E-01 4.481153E+00 1.043860E+00 4.390769E+00
7.070965E-02 8.453729E-03 3.236504E-01 1.590226E-01 4.695297E-01 4.420907E+00 1.031052E+00 4.318379E+00
2.474557E-01 9.050054E-03 5.744597E-01 1.628530E-01 2.124418E-01 4.418410E+00 9.336433E-01 4.314309E+00
4.434657E-01 -7.495423E-02 9.614891E-01 2.271385E-02 4.274365E-01 4.385458E+00 1.019929E+00 4.328310E+00
3.928233E-01 1.300455E-01 8.512263E-01 3.107983E-01 1.788939E-01 5.352741E+00 9.663116E-01 5.177686E+00
2.473366E-01 7.971183E-02 6.230894E-01 2.639429E-01 -1.645136E-01 4.816052E+00 7.428965E-01 4.674257E+00
2.625466E-01 7.364602E-02 6.890392E-01 2.417931E-01 -2.546330E-01 4.832265E+00 6.810341E-01 4.705733E+00
2.432702E-02 1.132629E-01 1.390407E-01 2.430420E-01 8.768997E-01 4.527136E+00 1.497146E+00 4.401787E+00
4.669039E-01 -4.814545E-02 9.650565E-01 5.973918E-02 1.462882E-01 4.897994E+00 1.073054E+00 4.743068E+00
6.126669E-01 -2.628231E-01 1.379621E+00 -1.943495E-01 5.829100E-01 4.800370E+00 1.189727E+00 4.684783E+00
4.405878E-01 2.594170E-03 9.748636E-01 1.641438E-01 9.416047E-02 4.672823E+00 1.085862E+00 4.543583E+00
3.764438E-01 -6.005255E-01 7.093157E-01 -5.172549E-01 -1.328326E-01 4.919935E+00 8.829036E-01 4.730260E+00
8.483975E-01 -5.311182E-01 1.535579E+00 -4.787610E-01 3.527165E-02 4.613806E+00 1.053194E+00 4.466631E+00
7.865351E-01 -7.236540E-01 1.300295E+00 -7.178807E-01 -2.061205E-01 4.382504E+00 7.350319E-01 4.290429E+00
7.923946E-01 -2.604378E-01 1.418568E+00 -1.426645E-01 4.371498E-01 4.579645E+00 1.111582E+00 4.482914E+00
1.926455E-01 -1.081022E-02 6.395096E-01 1.964754E-01 8.422385E-02 4.567598E+00 1.029263E+00 4.450842E+00
8.997359E-02 -6.735107E-01 3.351418E-01 -5.934055E-01 4.379075E-01 4.407640E+00 1.124390E+00 4.318379E+00
1.982021E-01 5.313453E-02 6.075595E-01 2.067780E-01 5.669453E-01 4.442015E+00 1.185060E+00 4.388383E+00
3.314600E-01 -5.867192E-02 7.310449E-01 4.164384E-02 -7.877774E-02 4.503522E+00 8.362346E-01 4.403576E+00
-4.053146E-01 -1.688887E-01 -3.863772E-01 -1.047959E-01 -6.351354E-02 4.902256E+00 6.465768E-01 4.740190E+00
3.063559E-01 1.231748E-01 6.523546E-01 2.662231E-01 8.593789E-02 4.513738E+00 8.513243E-01 4.404769E+00
4.073231E-01 -5.747927E-02 8.234746E-01 5.463399E-02 -1.435377E-01 4.604019E+00 7.585825E-01 4.481228E+00
-3.300478E-01 -4.401655E-01 -3.076870E-01 -3.293751E-01 6.360024E-01 4.334853E+00 1.136005E+00 4.306764E+00
4.151352E-01 3.738056E-02 9.029142E-01 1.600539E-01 4.077918E-02 5.405121E+00 1.008314E+00 5.229022E+00
-3.196226E-02 2.592869E-02 2.349032E-01 1.691974E-01 2.561335E-01 4.476391E+00 1.220010E+00 4.353433E+00
1.179750E-01 -4.814545E-02 3.498804E-01 8.416279E-02 2.500398E-01 4.472719E+00 9.715748E-01 4.352241E+00
7.305322E-01 -2.873502E-01 1.222607E+00 -1.650996E-01 6.455414E-01 4.505251E+00 1.236396E+00 4.451438E+00
2.568932E-01 -3.295209E-02 7.063594E-01 1.185534E-01 -4.566525E-01 4.819216E+00 4.115463E-01 4.641589E+00
3.035623E-01 -3.409678E-01 6.615602E-01 -2.333458E-01 7.666417E-01 4.368451E+00 1.381666E+00 4.306168E+00
2.968034E-01 4.787130E-02 4.293200E-01 1.895827E-01 1.045077E+00 5.175118E+00 1.567746E+00 5.025467E+00
9.008223E-01 -4.786933E-01 1.549968E+00 -4.069635E-01 -2.633041E-02 4.449584E+00 8.829036E-01 4.356907E+00
-1.678988E-01 -4.529735E-01 -7.354756E-02 -3.680769E-01 -3.646045E-01 4.538154E+00 6.763672E-01 4.451438E+00
2.603675E-01 -3.642634E-02 6.668894E-01 1.758432E-01 5.387745E-01 4.585706E+00 1.165200E+00 4.522635E+00
2.953174E-01 -1.134821E-01 6.639452E-01 9.566119E-03 -3.419385E-02 4.521623E+00 9.797160E-01 4.369715E+00
4.860642E-01 -4.288222E-02 9.042091E-01 5.210399E-02 5.455626E-01 4.332668E+00 1.078229E+00 4.287417E+00
1.891712E-01 -3.295209E-02 4.181202E-01 1.016079E-01 2.377336E-01 4.388976E+00 1.004565E+00 4.267743E+00
-4.525800E-01 -6.909857E-01 -4.613360E-01 -6.267970E-01 4.997031E-01 4.900167E+00 1.207202E+00 4.748928E+00
3.558847E-01 7.364602E-02 7.190768E-01 2.450982E-01 4.933602E-02 4.413134E+00 8.403051E-01 4.314309E+00
1.330178E+00 -1.216233E-01 2.147676E+00 -3.417312E-02 -1.818797E-02 4.533298E+00 9.517146E-01 4.435052E+00
2.625466E-01 7.364602E-02 6.406593E-01 2.507029E-01 1.641150E-01 4.454827E+00 9.563814E-01 4.358100E+00
2.416999E-01 -1.110968E-01 5.477300E-01 1.771336E-02 2.435546E-01 4.560247E+00 1.111582E+00 4.482914E+00
3.253751E-01 4.313641E-02 7.567496E-01 1.875558E-01 9.679252E-02 5.114989E+00 8.677102E-01 4.985747E+00
3.764438E-01 -4.049692E-02 7.960947E-01 7.526621E-02 -1.940151E-02 4.458779E+00 8.099184E-01 4.352837E+00
3.308637E-01 -7.435790E-02 9.571688E-01 1.223839E-01 -6.931616E-02 4.465448E+00 8.951154E-01 4.335362E+00
2.638417E-01 -7.335966E-03 6.524997E-01 1.040457E-01 -1.961464E-01 4.395740E+00 7.455868E-01 4.298214E+00
3.618467E-01 -1.893453E-01 7.852995E-01 3.973878E-03 6.136116E-01 4.950781E+00 1.225869E+00 4.814264E+00
2.164220E-01 1.197706E-01 5.340897E-01 2.759150E-01 -8.747111E-03 4.608824E+00 8.216375E-01 4.482317E+00
2.346476E-01 -2.581562E-01 4.805083E-01 -1.811612E-01 3.855732E-01 4.401532E+00 1.136005E+00 4.306764E+00
3.699879E-01 -3.934964E-01 9.291673E-01 -2.437801E-01 1.373488E-01 4.483261E+00 9.108014E-01 4.382627E+00
3.653210E-01 -1.088152E-01 8.469193E-01 1.263398E-02 -3.024169E-01 4.393179E+00 6.475818E-01 4.293547E+00
4.303218E-01 7.699063E-02 8.914687E-01 2.545334E-01 -3.238532E-01 4.433069E+00 5.982224E-01 4.436245E+00
5.835766E-01 -1.681886E-01 1.005299E+00 3.474321E-03 1.046429E-03 4.568388E+00 7.492487E-01 4.450842E+00
8.675213E-02 9.024716E-02 3.060736E-01 2.792417E-01 2.276893E-01 4.603147E+00 9.464513E-01 4.480036E+00
2.078389E-01 -1.449578E-01 4.311104E-01 9.178152E-03 -1.644607E-01 4.568089E+00 9.330469E-01 4.484107E+00
6.075074E-01 -1.746445E-01 1.313148E+00 -6.322489E-02 2.255607E-01 4.408525E+00 9.855756E-01 4.347574E+00
1.291781E-02 -1.321497E-01 2.177309E-01 1.846270E-02 -3.692592E-01 4.488869E+00 5.999077E-01 4.424033E+00
4.177606E-02 9.218401E-02 2.226854E-01 2.626521E-01 6.992466E-01 4.877986E+00 1.272538E+00 4.767595E+00
4.872568E-01 -3.322303E-01 9.273584E-01 -2.683572E-01 5.861807E-01 4.483870E+00 1.136005E+00 4.400102E+00
4.006015E-01 1.240822E-01 8.134287E-01 3.133408E-01 -9.506017E-02 4.846356E+00 8.222339E-01 4.678924E+00
4.797145E-02 -4.448324E-01 1.370194E-01 -3.079816E-01 2.209632E-01 4.411989E+00 9.660789E-01 4.315630E+00
3.325501E-01 9.698054E-02 8.372141E-01 2.922034E-01 -3.547504E-01 5.192912E+00 8.350419E-01 5.039468E+00
4.790077E-01 7.497378E-02 9.706585E-01 2.499536E-01 8.035504E-01 4.327278E+00 1.300135E+00 4.252187E+00
3.460570E-01 -6.309122E-01 8.963402E-01 -5.066796E-01 -2.985459E-01 4.638185E+00 6.086452E-01 4.526109E+00
2.171727E-01 -5.400502E-02 4.271481E-01 2.433052E-02 1.429947E-01 4.636024E+00 1.121512E+00 4.491651E+00
-4.525800E-01 -5.043095E-01 -4.432665E-01 -4.200375E-01 -1.524487E-01 4.600358E+00 7.650384E-01 4.509723E+00
6.018319E-02 -3.392825E-01 2.434614E-01 -2.763965E-01 2.587304E-01 4.624871E+00 1.010595E+00 4.525512E+00
-5.970319E-02 1.003252E-01 -1.271899E-02 2.609866E-01 3.744733E-01 4.531929E+00 1.195586E+00 4.422348E+00
2.299807E-01 2.652502E-02 5.744597E-01 1.628530E-01 -1.258743E-01 4.838632E+00 7.510377E-01 4.691732E+00
1.010964E-01 -2.820870E-01 3.614710E-01 -1.724942E-01 1.307171E-01 4.721336E+00 8.997822E-01 4.601376E+00
3.571798E-01 -3.806883E-01 6.791303E-01 -2.465857E-01 -7.877774E-02 4.503522E+00 8.624470E-01 4.377364E+00
1.839080E-01 -3.821532E-02 4.402604E-01 9.869760E-02 3.607913E-01 4.607112E+00 1.039789E+00 4.480036E+00
-1.603379E-01 7.674628E-02 1.917506E-01 2.033222E-01 1.362256E-01 4.393202E+00 1.053006E+00 4.315093E+00
1.167824E-01 -1.216233E-01 4.465153E-01 1.134318E-02 3.140184E-01 4.416244E+00 9.715748E-01 4.342906E+00
2.965631E-01 1.054847E-01 6.406593E-01 2.507029E-01 8.346316E-01 5.096154E+00 1.193201E+00 4.886653E+00
2.874696E-01 5.720511E-02 6.803792E-01 3.034129E-01 1.452657E-01 4.759774E+00 1.096881E+00 4.625903E+00
-4.557155E-03 -9.617564E-03 9.932087E-02 1.903320E-01 -2.045437E-02 4.759192E+00 8.951154E-01 4.615376E+00
2.311734E-01 -1.939085E-01 6.036202E-01 -1.070439E-01 1.837729E-01 4.700984E+00 1.082388E+00 4.640396E+00
3.052475E-01 -1.420799E-01 6.796298E-01 -2.658626E-02 6.083939E-01 4.497019E+00 1.160533E+00 4.375575E+00
-3.282588E-01 -7.114422E-01 -2.596789E-01 -6.150815E-01 -1.628795E-01 4.461576E+00 7.585825E-01 4.396031E+00
1.593808E-01 3.786823E-03 4.687900E-01 1.322929E-01 -3.419385E-02 4.521623E+00 8.151817E-01 4.415296E+00
2.536103E-02 -4.942515E-01 2.821591E-01 -3.347112E-01 3.458669E-01 5.640122E+00 9.669079E-01 5.467631E+00
2.021361E-01 1.065736E-01 5.217497E-01 2.025728E-01 2.163657E-01 4.415453E+00 9.323134E-01 4.288830E+00
3.513203E-01 -5.615050E-01 7.305683E-01 -5.073298E-01 7.543395E-02 4.428636E+00 9.831902E-01 4.340625E+00
3.951114E-01 -3.683729E-01 7.455631E-01 -2.982533E-01 2.827045E-01 5.050327E+00 1.104530E+00 4.935604E+00
-7.049015E-02 -1.954770E-02 1.917506E-01 2.033222E-01 2.958053E-01 4.520873E+00 1.134917E+00 4.412910E+00
-2.740450E-01 -3.001583E-01 -3.091749E-02 -2.932268E-01 3.284680E-01 4.580546E+00 9.517146E-01 4.509723E+00
1.427176E-01 2.978387E-02 3.353456E-01 1.745427E-01 2.788469E-01 4.659113E+00 1.010595E+00 4.517371E+00
-3.720500E-01 -3.048252E-01 -3.238574E-01 -1.519080E-01 8.159999E-01 4.780686E+00 1.407879E+00 4.671975E+00
1.378353E-01 3.466618E-02 4.277754E-01 1.875329E-01 4.469768E-01 4.483017E+00 1.096389E+00 4.404769E+00
1.634514E-01 -1.869600E-01 5.082774E-01 -3.037717E-02 3.232037E-01 4.913432E+00 1.003050E+00 4.757069E+00
9.930740E-02 -2.947784E-02 3.323202E-01 1.662629E-01 -1.493813E-01 4.368764E+00 7.905505E-01 4.293396E+00
2.579822E-01 -9.481450E-02 5.742099E-01 5.285333E-02 3.574722E-01 4.722327E+00 1.031648E+00 4.589656E+00
2.993880E-01 -1.362203E-01 7.427575E-01 -4.821632E-02 3.203707E-01 4.739909E+00 1.019929E+00 4.628184E+00
2.002065E-01 6.393822E-02 5.490019E-01 2.387377E-01 1.700279E-01 4.367731E+00 1.003337E+00 4.359771E+00
6.528801E-01 -4.897124E-01 1.219969E+00 -4.062142E-01 4.370318E-01 4.589054E+00 1.006525E+00 4.521442E+00
2.441305E-01 9.206207E-02 6.538993E-01 2.682729E-01 1.276200E-01 4.972022E+00 1.039193E+00 4.814264E+00
6.523875E-01 5.691176E-02 1.079508E+00 1.954763E-01 1.578676E-01 4.655761E+00 1.006525E+00 4.521442E+00
6.564580E-01 -4.430434E-01 1.075079E+00 -2.694848E-01 6.312699E-01 4.408143E+00 1.184464E+00 4.306168E+00
-4.373866E-01 -4.347855E-02 -4.287777E-01 1.475311E-01 3.358202E-01 4.445176E+00 1.141081E+00 4.320356E+00
5.969308E-03 -1.228159E-01 1.506312E-01 -1.361502E-02 5.127419E-01 4.598987E+00 1.118531E+00 4.475965E+00
1.174836E-01 9.788800E-02 3.766101E-01 2.293025E-01 8.762148E-02 4.463941E+00 8.863779E-01 4.369715E+00
4.767303E-01 -6.739640E-03 9.021419E-01 1.590290E-01 2.875898E-01 4.490840E+00 9.837865E-01 4.365645E+00
2.451741E-01 4.383150E-03 5.404599E-01 1.747003E-01 1.333768E-01 4.477990E+00 1.019929E+00 4.348170E+00
-1.468459E-01 5.343750E-02 -8.270933E-03 1.045194E-01 -9.519550E-02 4.410573E+00 9.342396E-01 4.305572E+00
4.483947E-01 -9.855090E-02 9.174490E-01 6.967397E-02 -2.541756E-01 4.439468E+00 6.950348E-01 4.339432E+00
3.699879E-01 -2.014403E-02 8.120291E-01 1.491136E-01 1.012342E-02 4.570868E+00 8.023736E-01 4.453720E+00
2.638417E-01 -1.428447E-02 6.914471E-01 1.557307E-01 -1.127349E-01 4.506431E+00 8.892558E-01 4.404173E+00
5.298553E-01 -1.589585E-01 1.026049E+00 -9.480305E-02 1.237666E-01 4.537801E+00 1.120319E+00 4.407647E+00
1.238346E-01 -1.356240E-01 4.377303E-01 1.796314E-02 3.374065E-02 4.966276E+00 1.075932E+00 4.777525E+00
1.763632E-01 -1.204306E-01 4.630604E-01 -1.124423E-03 4.498204E-01 4.766323E+00 1.074247E+00 4.632255E+00
5.385928E-01 3.645516E-02 1.089318E+00 1.880840E-01 2.097500E-01 4.503079E+00 1.127372E+00 4.447471E+00
5.263836E-02 -5.241697E-01 2.966939E-01 -4.250911E-01 3.125107E-01 4.673567E+00 1.126179E+00 4.580322E+00
2.021361E-01 1.065736E-01 5.202051E-01 2.005230E-01 3.853117E-02 4.415124E+00 8.397088E-01 4.323046E+00
1.127118E-01 -5.340869E-02 3.498804E-01 8.416279E-02 3.861457E-01 4.640759E+00 1.054983E+00 4.528986E+00
5.951920E-01 -1.776261E-01 1.127389E+00 -3.343301E-02 5.593626E-01 4.540119E+00 1.215939E+00 4.450842E+00
-3.255858E-02 9.050054E-03 5.805642E-02 1.355722E-01 4.279548E-01 4.586574E+00 1.064913E+00 4.454912E+00
3.217971E-01 3.738056E-02 7.593192E-01 1.888333E-01 2.825580E-02 4.391922E+00 8.560873E-01 4.290386E+00
5.345222E-01 -8.449935E-01 1.080450E+00 -8.106984E-01 -6.596968E-02 4.479455E+00 8.531132E-01 4.368030E+00
5.846655E-01 -7.948502E-01 1.086548E+00 -6.929386E-01 -1.585689E-02 4.755728E+00 8.145853E-01 4.628184E+00
2.299807E-01 -1.601512E-01 6.004400E-01 -2.200643E-02 8.198588E-01 4.539176E+00 1.388615E+00 4.428700E+00
1.110265E-01 -4.284464E-01 2.598816E-01 -3.438639E-01 2.160155E-01 4.706889E+00 1.115056E+00 4.572778E+00
1.574013E-01 5.057053E+00 5.059103E-01 5.885355E+00 -5.723968E-01 -7.193285E-01 5.145184E-01 -2.591761E-01
1.714669E-01 4.617003E+00 4.268484E-01 5.374663E+00 2.393750E-01 -6.099542E-01 9.649265E-01 -9.930868E-02
-8.001447E-02 4.912975E+00 -1.860913E-02 5.710340E+00 8.274881E-01 -7.164133E-01 1.482506E+00 -2.435359E-01
2.440108E-01 4.556178E+00 6.009200E-01 5.326132E+00 -7.663849E-02 -8.057778E-01 7.981106E-01 -3.058451E-01
1.264183E-01 4.559380E+00 4.001506E-01 5.279038E+00 3.630994E-01 -1.037975E+00 9.364777E-01 -5.375504E-01
1.262886E-01 4.528137E+00 3.271087E-01 5.304145E+00 1.085356E-01 -8.027149E-01 9.083273E-01 -3.133900E-01
9.997249E-02 4.595160E+00 3.613560E-01 5.349593E+00 1.306997E-01 -5.787020E-01 8.464649E-01 -1.244322E-01
7.346188E-02 4.705674E+00 5.102379E-01 5.485325E+00 -4.511428E-01 -8.272281E-01 5.903815E-01 -3.594627E-01
2.797159E-03 4.715773E+00 1.802388E-01 5.486074E+00 1.930214E-01 -8.002668E-01 9.544001E-01 -2.754584E-01
-1.965575E-01 4.874214E+00 -1.718167E-01 5.668726E+00 9.661500E-01 -6.763727E-01 1.249608E+00 -1.879799E-01
-2.262451E-02 4.553326E+00 1.336493E-01 5.314580E+00 4.556087E-01 -7.315775E-01 1.124794E+00 -2.591761E-01
1.158446E-01 4.476615E+00 2.481412E-01 5.186984E+00 -1.222578E-01 -1.528530E+00 7.782503E-01 -9.393516E-01
1.651795E-01 4.623291E+00 4.537857E-01 5.362583E+00 4.063914E-01 -5.747520E-01 1.047738E+00 -8.878222E-02
-4.973144E-02 4.663244E+00 1.694509E-01 5.411563E+00 3.417826E-02 -6.144571E-01 8.610620E-01 -8.878222E-02
1.621331E-01 4.701007E+00 3.900803E-01 5.485011E+00 -6.467902E-01 -9.277201E-01 2.636982E-01 -4.061317E-01
8.481801E-02 4.654805E+00 1.848534E-01 5.432003E+00 9.040601E-01 -1.244112E+00 1.420002E+00 -7.106732E-01
5.770598E-01 4.574443E+00 9.504346E-01 5.351281E+00 5.934150E-01 -6.226675E-01 1.327752E+00 -1.821203E-01
3.333177E-01 4.641829E+00 7.541795E-01 5.384143E+00 -2.945777E-01 -6.084924E-01 6.329800E-01 -1.407145E-01
-1.085474E-01 4.990355E+00 -2.215808E-01 5.830188E+00 -2.900614E-01 -7.833298E-01 8.143929E-01 -2.287894E-01
3.774709E-02 4.564046E+00 2.748708E-01 5.332123E+00 2.859347E-02 -8.581716E-01 8.896598E-01 -3.612517E-01
-1.819095E-02 4.619985E+00 4.223183E-01 5.440058E+00 -4.168076E-01 -1.524605E+00 6.119270E-01 -1.084622E+00
-9.778760E-02 4.938890E+00 5.794614E-02 5.714632E+00 1.646140E-01 -5.474656E-01 9.054962E-01 -4.088787E-02
1.988072E-01 4.631769E+00 4.790396E-01 5.426194E+00 1.093091E-02 -7.952773E-01 8.452723E-01 -2.912481E-01
7.818975E-01 5.000727E+00 1.320049E+00 5.784139E+00 1.919203E-01 -7.167960E-01 9.462589E-01 -1.739792E-01
1.651795E-01 4.809967E+00 4.595899E-01 5.577254E+00 2.053161E-01 -8.663242E-01 9.695935E-01 -3.536032E-01
3.985248E-01 4.763298E+00 8.029296E-01 5.544735E+00 3.728347E-01 -6.713148E-01 1.005736E+00 -1.307844E-01
-1.022601E-01 4.517377E+00 -3.220825E-02 5.253620E+00 3.020189E-01 -8.749588E-01 9.689971E-01 -3.541995E-01
2.983678E-01 4.606878E+00 6.808784E-01 5.340302E+00 1.386436E-01 -5.681601E-01 9.457542E-01 -8.114580E-02
-2.874494E-01 -6.775813E-01 -2.191868E-01 -5.613467E-01 2.993153E-01 4.358226E+00 1.013577E+00 4.300905E+00
2.638417E-01 -1.940122E-01 6.523776E-01 -6.275114E-02 -4.043721E-02 4.691609E+00 9.598557E-01 4.559969E+00
3.608032E-01 8.428390E-02 7.974943E-01 2.394935E-01 2.327372E-01 5.095189E+00 1.108004E+00 4.932129E+00
6.780036E-01 -1.414835E-01 1.207728E+00 1.621469E-02 -8.151107E-02 4.510862E+00 9.231168E-01 4.380838E+00
1.388218E-01 1.040328E-01 4.155575E-01 2.809875E-01 3.485152E-01 4.481153E+00 1.131935E+00 4.358696E+00
2.807204E-01 -2.421460E-02 7.195994E-01 1.361234E-01 1.035963E+00 5.264628E+00 1.500444E+00 5.058452E+00
-3.364502E-03 -3.001583E-01 2.032191E-01 -2.201316E-01 8.066689E-02 4.517710E+00 1.063124E+00 4.427507E+00
2.403010E-01 9.589160E-02 7.852765E-01 3.329481E-01 1.843880E-01 4.852755E+00 9.464513E-01 4.741383E+00
4.604481E-01 -4.231831E-01 1.086397E+00 -3.071673E-01 -1.376787E-02 4.440118E+00 9.330469E-01 4.323046E+00
5.233994E-01 -6.154984E-02 1.023891E+00 1.012590E-01 5.847856E-01 4.476657E+00 1.239870E+00 4.381434E+00
6.780036E-01 -4.814545E-02 1.117956E+00 2.716190E-02 6.140115E-01 4.545539E+00 1.239870E+00 4.482914E+00
3.198446E-01 -3.433531E-01 5.593206E-01 -2.389436E-01 7.659571E-01 4.486776E+00 1.341349E+00 4.418770E+00
4.679929E-01 -2.114871E-01 9.558969E-01 -9.864043E-02 -1.923766E-01 4.888745E+00 7.790391E-01 4.740786E+00
2.521226E-01 -4.529735E-01 5.196008E-01 -2.916536E-01 2.606830E-01 4.464699E+00 1.115056E+00 4.386101E+00
3.087218E-01 -3.135627E-01 7.188500E-01 -1.938757E-01 -1.259018E-01 4.508089E+00 8.058478E-01 4.394243E+00
1.739779E-01 -1.974864E-01 4.675182E-01 -8.873144E-02 -1.258743E-01 4.838632E+00 9.336433E-01 4.687661E+00
6.360015E-01 -9.014760E-02 1.300158E+00 2.920485E-02 5.215179E-01 4.381731E+00 1.194802E+00 4.306355E+00
8.548533E-01 -6.969100E-02 1.483473E+00 5.313532E-02 1.396111E-01 4.504237E+00 1.057264E+00 4.365645E+00
5.911214E-01 -6.577210E-01 9.378504E-01 -6.343741E-01 6.311513E-01 4.846659E+00 1.325067E+00 4.715066E+00
1.751705E-01 -6.723180E-01 6.335588E-01 -5.995098E-01 1.521323E+00 5.927854E+00 2.076439E+00 5.737119E+00
1.020477E+00 -4.231831E-01 1.640853E+00 -3.960232E-01 2.567751E-01 4.400475E+00 8.689029E-01 4.352241E+00
3.841115E-01 4.541923E-02 1.076078E+00 1.705140E-01 3.407326E-02 4.593085E+00 8.239191E-01 4.525512E+00
4.548366E-02 1.040328E-01 2.826357E-01 2.142625E-01 -1.287934E-01 4.532948E+00 7.159840E-01 4.446771E+00
6.097658E-01 -7.324573E-02 1.075056E+00 5.948940E-02 -1.266927E-01 4.516949E+00 8.630434E-01 4.430385E+00
1.080449E-01 -1.140654E-02 3.720302E-01 1.501127E-01 2.054995E-01 4.950432E+00 9.137830E-01 4.784577E+00
1.646441E-01 -1.476408E-03 4.656001E-01 1.484702E-01 3.134688E-01 4.755486E+00 1.069580E+00 4.627588E+00
1.541176E-01 -6.443166E-01 4.408115E-01 -5.628453E-01 6.021816E-01 4.444908E+00 1.206009E+00 4.330099E+00
6.033331E-01 -2.534893E-01 9.961392E-01 -1.549053E-01 9.532068E-01 4.625597E+00 1.406686E+00 4.528390E+00
6.136534E-01 9.589160E-02 1.195238E+00 3.286439E-01 1.470253E-01 5.077136E+00 9.178535E-01 4.935604E+00
1.617661E-01 -1.350277E-01 3.613259E-01 -1.031677E-02 6.814775E-01 4.622701E+00 1.314541E+00 4.501582E+00
-5.701777E-02 4.114816E-02 4.661092E-02 2.300518E-01 2.135658E-01 4.913409E+00 1.100459E+00 4.700573E+00
-1.449001E-01 9.218401E-02 7.194098E-02 2.109642E-01 4.022108E-01 4.542844E+00 1.126672E+00 4.446771E+00
1.745385E-01 7.679813E-02 4.690398E-01 2.422926E-01 9.553975E-02 4.537447E+00 8.677102E-01 4.425718E+00
3.767371E-01 6.127569E-02 8.517489E-01 2.018235E-01 -1.671653E-02 4.652982E+00 9.825939E-01 4.497511E+00
1.877737E-02 -1.262902E-01 2.704408E-01 -2.125709E-02 5.774482E-01 5.165994E+00 1.064913E+00 4.996274E+00
3.502313E-01 -1.262902E-01 6.985897E-01 5.554090E-02 1.966288E-01 4.430326E+00 1.119723E+00 4.323046E+00
4.913274E-01 -2.348216E-01 1.165959E+00 -3.495059E-02 1.759454E-01 4.445912E+00 1.111582E+00 4.326624E+00
3.456706E-02 -5.982439E-01 1.372922E-01 -5.269561E-01 5.839107E-02 4.441479E+00 9.703822E-01 4.362767E+00
1.238346E-01 -3.340193E-01 3.491311E-01 -2.458363E-01 9.371797E-02 4.910704E+00 1.067194E+00 4.748928E+00
5.274700E-01 -1.776261E-01 1.159224E+00 -2.987528E-02 1.201408E-01 4.487964E+00 1.106319E+00 4.384313E+00
8.332041E-01 -2.361828E-02 1.432308E+00 9.490494E-02 4.782482E-02 5.317171E+00 1.059650E+00 5.084348E+00
4.096047E-01 -1.530990E-01 9.304392E-01 -2.275576E-02 4.116321E-02 4.857290E+00 1.022911E+00 4.674257E+00
-8.736879E-02 -2.947784E-02 -3.437332E-02 1.225821E-01 5.313334E-01 4.622257E+00 1.158251E+00 4.559969E+00
3.810341E-01 8.142420E-02 7.557247E-01 1.883282E-01 9.404894E-01 5.026761E+00 1.394370E+00 4.896376E+00
1.312251E-01 1.116294E-01 3.239001E-01 2.690223E-01 1.256577E-01 4.566448E+00 9.213278E-01 4.428103E+00
1.087980E-01 1.065736E-01 3.305201E-01 2.778073E-01 2.523226E-01 4.419302E+00 1.230945E+00 4.316882E+00
2.697013E-01 -1.134821E-01 6.378428E-01 2.762877E-02 -7.991111E-02 4.721355E+00 7.999883E-01 4.586778E+00
5.099950E-01 -1.601512E-01 1.022869E+00 -9.765610E-03 4.886021E-01 4.501051E+00 1.138391E+00 4.416385E+00
2.433851E-01 -4.267611E-01 4.927261E-01 -2.746158E-01 2.761831E-01 5.258676E+00 9.919277E-01 5.096067E+00
4.654083E-01 6.594259E-02 8.914687E-01 2.545334E-01 3.859636E-01 4.709121E+00 1.102248E+00 4.585586E+00
-2.322477E-02 -6.349828E-01 2.550520E-01 -5.330535E-01 1.486445E-01 4.456109E+00 1.035719E+00 4.382627E+00
6.091927E-01 -2.662973E-01 1.102479E+00 -1.523968E-01 -6.017416E-02 4.706482E+00 8.904485E-01 4.541795E+00
5.123803E-01 -3.071068E-01 8.904696E-01 -1.854654E-01 -3.349941E-01 4.447617E+00 8.735698E-01 4.347574E+00
-2.203212E-02 -1.881526E-01 1.382913E-01 -8.695719E-02 -6.330077E-02 5.047666E+00 7.754611E-01 4.879601E+00
5.805949E-01 -3.240892E-01 1.263369E+00 -2.185422E-01 5.512354E-01 4.510203E+00 1.194394E+00 4.409436E+00
2.224359E-01 -2.459444E-01 5.826203E-01 -1.187662E-01 -1.155459E-01 4.613870E+00 7.557045E-01 4.500389E+00
-3.089949E-01 -2.137687E-01 -1.405425E-01 -1.279775E-01 1.536316E-01 4.462727E+00 1.073650E+00 4.360978E+00
4.767303E-01 -6.739640E-03 1.039789E+00 1.427664E-01 1.233690E-01 4.721150E+00 1.082388E+00 4.605446E+00
1.530312E-02 -3.881165E-02 2.047407E-01 1.108924E-01 2.144532E-01 4.613121E+00 9.679968E-01 4.512108E+00
9.829352E-01 9.996217E-02 1.736326E+00 2.790151E-01 4.757684E-01 4.715825E+00 1.053194E+00 4.568111E+00
3.729695E-01 -8.488437E-02 6.877645E-01 1.325657E-01 7.458454E-02 4.635879E+00 9.663116E-01 4.524320E+00
7.532704E-01 -2.236989E-01 1.458518E+00 -1.176751E-01 2.702579E-01 4.571069E+00 1.095196E+00 4.466528E+00
3.279857E-01 -4.448324E-01 7.306904E-01 -3.405330E-01 -3.189439E-01 4.623484E+00 6.448915E-01 4.501582E+00
6.278603E-01 -4.716411E-01 1.133259E+00 -3.546472E-01 6.532190E-01 4.327602E+00 1.199019E+00 4.259965E+00
3.817070E-01 -2.185393E-01 8.494549E-01 -1.302255E-01 -6.422845E-01 4.401365E+00 4.464962E-01 4.314905E+00
3.996940E-01 1.231748E-01 5.913823E-01 2.035881E-01 -3.427437E-02 4.439043E+00 9.410005E-01 4.306952E+00
7.865881E-01 8.215016E-02 1.458265E+00 2.390197E-01 5.940286E-01 4.477956E+00 1.441740E+00 4.339432E+00
5.659979E-01 -1.228159E-01 1.207728E+00 1.621469E-02 2.388138E-01 4.664579E+00 9.015713E-01 4.571585E+00
-5.350780E-02 -4.366912E-01 1.695017E-01 -3.583988E-01 7.496353E-02 4.545744E+00 9.143793E-01 4.472387E+00
2.912111E-01 5.346361E-02 5.548496E-01 2.464978E-01 1.603226E-01 5.015419E+00 9.249058E-01 4.856266E+00
7.713417E-01 -6.081740E-01 1.285669E+00 -5.383637E-01 5.087795E-01 4.597932E+00 1.296469E+00 4.456701E+00
2.474557E-01 -8.428804E-02 3.613259E-01 -1.031677E-02 -2.765196E-01 4.975887E+00 4.990248E-01 4.834124E+00
1.429948E-01 -1.596974E-02 5.217497E-01 2.025728E-01 4.113776E-01 4.423407E+00 1.103933E+00 4.338836E+00
2.078389E-01 -1.449578E-01 5.080103E-01 -3.499658E-02 -5.557668E-02 4.703018E+00 8.409015E-01 4.585586E+00
2.876960E-01 8.142420E-02 7.066092E-01 2.285531E-01 1.111870E-01 4.825275E+00 8.204449E-01 4.715663E+00
2.346476E-01 3.119192E-02 6.134071E-01 2.145381E-01 -1.782531E-01 4.578483E+00 8.945190E-01 4.438630E+00
6.353545E-01 7.419049E-02 1.088418E+00 2.438562E-01 6.705704E-01 4.469862E+00 1.236396E+00 4.376768E+00
-6.919257E-02 9.788800E-02 7.116865E-02 2.099393E-01 -6.994508E-01 4.497012E+00 4.068793E-01 4.356907E+00
1.425022E-01 -1.729592E-01 4.155805E-01 -4.798673E-02 1.383972E-01 4.639489E+00 9.091161E-01 4.517371E+00
2.936321E-01 -4.325169E-01 8.242700E-01 -2.733153E-01 3.753020E-01 4.745988E+00 1.095792E+00 4.653800E+00
8.888465E-02 -2.196283E-01 1.367467E-01 -8.900702E-02 5.758684E-01 4.334623E+00 9.266704E-01 4.170661E+00
3.734374E-01 8.902088E-02 7.902539E-01 2.481633E-01 -5.325111E-02 4.792170E+00 7.731795E-01 4.653308E+00
3.954047E-01 4.260807E-02 7.857990E-01 2.239733E-01 6.069339E-01 4.558080E+00 1.208291E+00 4.428103E+00
1.774521E-01 -1.428447E-02 5.151298E-01 1.937878E-01 -1.593507E-01 4.615935E+00 7.516339E-01 4.496318E+00
3.839886E-01 -4.821676E-01 8.421980E-01 -3.710729E-01 3.179904E-01 4.421515E+00 1.008910E+00 4.305572E+00
4.259907E-01 -2.628231E-01 8.685696E-01 -1.414156E-01 -2.670126E-01 5.070877E+00 7.078428E-01 4.876126E+00
2.334550E-01 -1.753445E-01 5.599478E-01 -7.574128E-02 -1.499942E-01 4.443603E+00 8.741122E-01 4.292854E+00
1.045349E-01 5.346361E-02 1.123110E-01 9.790228E-02 7.711209E-01 4.584166E+00 1.314541E+00 4.485299E+00
-2.576947E-01 4.234082E-02 -4.581881E-02 2.170617E-01 4.451836E-01 4.468269E+00 1.118531E+00 4.382627E+00
4.782164E-01 5.313453E-02 1.140484E+00 1.463144E-01 9.553975E-02 4.537447E+00 1.031052E+00 4.395435E+00
4.414446E-01 6.586785E-02 9.309387E-01 1.972437E-01 9.786496E-02 4.411733E+00 9.202389E-01 4.310238E+00
2.119094E-01 2.017284E-02 5.736874E-01 1.618281E-01 2.097539E-01 4.558814E+00 1.128357E+00 4.474072E+00
1.991014E-01 4.350737E-02 4.944976E-01 1.664080E-01 -2.298312E-01 4.522404E+00 7.194583E-01 4.356907E+00
5.468019E-01 7.788707E-02 9.823537E-01 2.654738E-01 7.803812E-01 4.606020E+00 1.288924E+00 4.492248E+00
1.891712E-01 -1.006741E-01 5.742099E-01 5.285333E-02 3.692908E-01 4.626556E+00 9.971910E-01 4.538917E+00
-1.736547E-01 -2.931061E-01 -1.084377E-01 -2.315973E-01 -6.221012E-02 4.780281E+00 1.032841E+00 4.600183E+00
8.560472E-01 1.060292E-01 1.660569E+00 1.967602E-01 4.478801E-01 4.641712E+00 1.144847E+00 4.585093E+00
2.673160E-01 -1.081022E-02 6.396372E-01 1.396783E-01 -6.017416E-02 4.706482E+00 7.965140E-01 4.583304E+00
2.433851E-01 -8.021747E-02 6.120076E-01 5.031083E-02 -4.347972E-01 4.599312E+00 4.475024E-01 4.520435E+00
-4.841582E-01 7.364602E-02 -4.682477E-01 2.048208E-01 1.030979E-01 4.500807E+00 1.031648E+00 4.402980E+00
2.510337E-01 -7.551297E-01 6.450313E-01 -7.305095E-01 5.948371E-01 4.698365E+00 1.209587E+00 4.590252E+00
2.265065E-01 -1.566769E-01 5.852779E-01 -9.482885E-02 -9.519550E-02 4.410573E+00 7.590417E-01 4.302234E+00
7.593049E-01 1.249897E-01 1.192543E+00 2.723665E-01 -1.116869E-01 4.679187E+00 8.889657E-01 4.528188E+00
2.767886E-01 -2.069590E-01 7.043152E-01 -1.034958E-01 3.592189E-02 4.842170E+00 1.073054E+00 4.649730E+00
-4.887226E-01 -3.748288E-01 -5.979663E-01 -2.759158E-01 1.034394E+00 4.412496E+00 1.442932E+00 4.347574E+00
2.906505E-01 -1.344313E-01 6.928697E-01 -9.016274E-03 -9.389649E-02 4.401330E+00 7.335626E-01 4.300905E+00
7.597288E-02 -1.834857E-01 3.153907E-01 -5.512925E-02 2.548235E-01 4.639155E+00 9.732601E-01 4.517371E+00
1.937369E-02 -4.288222E-02 1.818186E-01 4.391764E-02 1.576035E-01 4.467998E+00 9.639263E-01 4.385505E+00
-4.099815E-01 1.312063E-02 -3.776124E-01 1.057614E-01 1.267588E-01 4.482977E+00 1.061335E+00 4.381434E+00
4.411841E-01 -4.950659E-03 8.120291E-01 1.491136E-01 4.392391E-01 4.472749E+00 9.995763E-01 4.389575E+00
-6.403426E-02 -2.091018E-01 1.647712E-01 -5.181722E-02 4.473384E-01 4.381893E+00 1.006525E+00 4.326624E+00
1.391847E-01 8.811343E-02 3.890777E-01 2.458475E-01 -2.651651E-01 4.634655E+00 6.402246E-01 4.487581E+00
7.345670E-01 7.679813E-02 1.286268E+00 1.774068E-01 5.034224E-01 4.686722E+00 1.183867E+00 4.597305E+00
8.649934E-02 -2.966841E-01 2.860915E-01 -2.015464E-01 2.265893E-01 4.975860E+00 9.423807E-01 4.799071E+00
3.368269E-01 -3.194222E-01 8.541798E-01 -2.132131E-01 2.780732E-02 4.483165E+00 9.172572E-01 4.424033E+00
1.227456E-01 -2.534893E-01 3.774963E-01 -1.877839E-01 6.622373E-03 4.738788E+00 8.409015E-01 4.585586E+00
5.030465E-01 -3.537759E-01 8.754352E-01 -3.150850E-01 -2.059273E-01 4.921636E+00 7.591788E-01 4.776929E+00
1.285015E-01 -1.426762E-01 2.942263E-01 -4.239449E-02 -8.927653E-03 4.555152E+00 9.715748E-01 4.436245E+00
1.891712E-01 -3.295209E-02 5.012355E-01 4.953569E-02 3.914105E-01 4.389925E+00 1.107868E+00 4.299951E+00
1.110265E-01 -1.484320E-01 2.704408E-01 -2.125709E-02 -1.876580E-02 4.651542E+00 9.785233E-01 4.522635E+00
2.941248E-01 -3.761899E-02 6.271696E-01 1.231332E-01 -1.681710E-01 4.668998E+00 7.399148E-01 4.553514E+00
2.596869E-01 7.650572E-02 6.679115E-01 2.868678E-01 -9.069899E-02 4.646843E+00 7.848986E-01 4.529583E+00
2.078389E-01 -5.161971E-02 4.857154E-01 6.123096E-02 1.693515E-01 4.901183E+00 9.347322E-01 4.772755E+00
7.760086E-01 -3.024399E-01 1.575153E+00 -2.638737E-01 9.085708E-02 4.923236E+00 1.106319E+00 4.757665E+00
6.593360E-01 -6.735107E-01 1.100810E+00 -5.643440E-01 1.113787E-01 4.360229E+00 9.112266E-01 4.267743E+00
-3.487155E-01 -1.414835E-01 -1.917078E-01 -8.620785E-02 1.502910E-01 4.382603E+00 9.167646E-01 4.304379E+00
5.497156E-01 -9.465765E-01 1.100060E+00 -8.943432E-01 -4.984051E-02 4.322587E+00 7.806350E-01 4.292993E+00
2.265065E-01 -1.262902E-01 5.293878E-01 2.992838E-02 6.258935E-01 4.310471E+00 1.225732E+00 4.302234E+00
2.439815E-01 -1.547712E-02 5.339676E-01 1.091182E-01 2.166069E-01 4.745835E+00 9.178535E-01 4.655589E+00
2.276991E-01 -1.717666E-01 4.733658E-01 -8.097136E-02 4.265283E-01 4.601009E+00 1.087055E+00 4.516775E+00
6.780036E-01 4.519264E-02 1.302698E+00 1.787995E-01 -6.471869E-02 4.461984E+00 9.610484E-01 4.342906E+00
1.593808E-01 -1.828894E-01 2.704408E-01 -2.125709E-02 -7.319410E-02 5.108746E+00 8.425868E-01 4.917532E+00
2.159443E-01 7.153490E-02 5.202051E-01 2.005230E-01 1.120262E-01 4.525023E+00 1.081195E+00 4.419962E+00
1.390280E-01 -1.764335E-01 3.694906E-01 5.180510E-04 4.241596E-01 4.672074E+00 1.175726E+00 4.547058E+00
7.188131E-01 3.933308E-02 1.366608E+00 2.270545E-01 -3.779854E-01 4.532765E+00 5.982224E-01 4.436245E+00
9.726149E-01 1.312063E-02 1.940546E+00 1.113509E-01 -1.940151E-02 4.458779E+00 9.872608E-01 4.326028E+00
2.626491E-01 4.052573E-02 5.651550E-01 1.666508E-01 2.734229E-01 4.892040E+00 1.150602E+00 4.758858E+00
1.092375E-01 -6.997231E-01 2.059026E-01 -6.369655E-01 7.440466E-01 5.288376E+00 1.348998E+00 5.112350E+00
7.830608E-01 -1.670997E-01 1.392338E+00 -6.780472E-02 1.566819E-01 4.692450E+00 1.096985E+00 4.580322E+00
5.551628E-02 -2.762275E-01 2.421665E-01 -1.684466E-01 2.231125E-01 4.493010E+00 1.127864E+00 4.373293E+00
3.163703E-01 -2.604378E-01 7.090401E-01 -1.864835E-01 5.805018E-01 4.450440E+00 1.077721E+00 4.348766E+00
8.027251E-01 9.349606E-02 1.393087E+00 2.621944E-01 1.368732E-01 4.557996E+00 9.155720E-01 4.398910E+00
5.187325E-01 1.778754E-02 9.968886E-01 1.750939E-01 9.416047E-02 4.672823E+00 9.383101E-01 4.565233E+00
6.500022E-01 -2.014403E-02 1.287168E+00 1.216346E-01 -1.136334E-01 4.416203E+00 7.802317E-01 4.347574E+00
9.324018E-01 -5.964549E-01 1.638843E+00 -4.739355E-01 9.795249E-01 4.786519E+00 1.465074E+00 4.649730E+00
-7.564967E-02 -3.351083E-01 2.434614E-01 -2.763965E-01 6.335465E-01 5.010136E+00 1.174533E+00 4.876126E+00
-3.125729E-01 -7.495423E-02 -1.182707E-01 1.047692E-01 -1.904803E-01 4.639393E+00 8.204449E-01 4.471791E+00
2.241212E-01 3.238458E-02 5.202051E-01 2.005230E-01 2.044478E-01 4.778734E+00 1.101056E+00 4.565725E+00
-2.401840E-01 -6.333882E-02 -3.944863E-02 1.158469E-01 7.122603E-02 4.442183E+00 1.051217E+00 4.323830E+00
1.734495E-01 7.788707E-02 3.750654E-01 2.272526E-01 4.401234E-01 4.821103E+00 1.201446E+00 4.684783E+00
-1.230188E-01 -9.124947E-03 3.655124E-02 1.274444E-01 7.232247E-02 4.606639E+00 1.096389E+00 4.498107E+00
2.305771E-01 -3.474237E-01 4.400162E-01 -2.348960E-01 1.475922E-01 4.632560E+00 8.642360E-01 4.515582E+00
8.430985E-01 6.160476E-02 1.510203E+00 1.982750E-01 -2.727250E-01 4.500918E+00 7.930398E-01 4.369715E+00
8.594165E-01 -2.421460E-02 1.392588E+00 4.219500E-02 4.546569E-01 4.401170E+00 1.096985E+00 4.300308E+00
-4.904079E-01 -8.805398E-01 -5.410254E-01 -8.422166E-01 2.309487E-01 4.695207E+00 9.931204E-01 4.601376E+00
2.416999E-01 -4.844492E-01 6.028709E-01 -4.370430E-01 1.717818E-01 4.397353E+00 9.275962E-01 4.293547E+00
3.041598E-01 9.788800E-02 7.066092E-01 2.285531E-01 -2.048193E-02 4.428649E+00 8.373235E-01 4.332380E+00
-5.817471E-02 -2.360143E-01 1.843813E-01 -1.354620E-01 4.297725E-01 4.460186E+00 1.090446E+00 4.400185E+00
3.419864E-01 -1.694850E-01 7.357697E-01 -4.134377E-02 6.331947E-01 5.423605E+00 1.147128E+00 5.229022E+00
5.193288E-01 1.719121E-02 1.048054E+00 1.333242E-01 4.905986E-01 4.450146E+00 1.138391E+00 4.416385E+00
-2.203212E-02 -1.476408E-03 2.429159E-01 1.615525E-01 -1.096154E-01 5.368642E+00 7.533193E-01 5.193476E+00
-9.024671E-02 -8.141012E-02 2.442108E-01 5.360266E-02 7.895541E-01 4.826463E+00 1.278398E+00 4.668397E+00
1.434507E-01 1.971697E-02 4.636877E-01 1.620779E-01 -5.020472E-02 4.459311E+00 9.196426E-01 4.384313E+00
2.977027E-01 -4.284464E-01 8.100079E-01 -4.019099E-01 -2.588261E-01 4.690895E+00 7.125098E-01 4.562251E+00
2.346476E-01 -7.147998E-02 5.874498E-01 7.042331E-02 -2.093871E-01 4.452134E+00 6.728929E-01 4.380242E+00
2.906505E-01 -9.744742E-01 6.116817E-01 -8.844342E-01 1.641150E-01 4.454827E+00 9.959983E-01 4.360382E+00
1.693110E-01 -5.568381E-01 4.543012E-01 -4.352756E-01 -7.391364E-02 4.468913E+00 9.578791E-01 4.323830E+00
4.166569E-01 -6.681307E-02 8.530438E-01 9.387361E-02 9.536505E-01 4.475453E+00 1.618097E+00 4.473476E+00
1.483618E-01 -8.391340E-01 4.797820E-01 -8.401346E-01 1.028854E-01 4.573232E+00 9.907351E-01 4.448456E+00
5.846655E-01 -4.214978E-01 9.296898E-01 -3.527549E-01 6.770509E-01 4.368794E+00 1.200253E+00 4.310238E+00
1.992764E-01 1.094333E-01 4.779497E-01 2.906725E-01 1.256577E-01 4.566448E+00 8.916411E-01 4.449649E+00
1.459765E-01 1.719121E-02 3.142179E-01 2.196175E-01 1.496614E-01 4.435647E+00 1.102144E+00 4.340625E+00
5.065369E-01 3.762206E-02 1.113104E+00 1.669466E-01 3.520757E-01 4.502207E+00 1.120916E+00 4.398910E+00
4.527995E-01 1.719121E-02 8.914687E-01 2.545334E-01 9.938725E-02 4.420962E+00 1.096131E+00 4.299454E+00
5.158546E-01 1.371696E-02 1.154496E+00 1.649093E-01 2.163657E-01 4.415453E+00 1.123606E+00 4.302881E+00
4.213238E-01 -6.214617E-02 1.032029E+00 1.486140E-01 2.984145E-01 4.384570E+00 9.821265E-01 4.280356E+00
6.842805E-02 -1.350277E-01 2.430610E-01 -6.248667E-04 5.444069E-02 4.620114E+00 1.049720E+00 4.451438E+00
4.020599E-01 -3.135627E-01 7.409999E-01 -1.279259E-01 3.572420E-01 4.775069E+00 1.048527E+00 4.692924E+00
1.401169E-01 -6.333882E-02 4.922347E-01 9.029290E-02 3.445913E-01 4.484110E+00 1.161725E+00 4.339432E+00
4.738524E-01 -4.456750E-02 1.139856E+00 -1.688794E-02 5.386940E-01 4.503126E+00 1.162918E+00 4.356907E+00
1.302403E-03 -4.821676E-01 3.344916E-01 -4.276336E-01 -1.645412E-01 4.485509E+00 7.510377E-01 4.411717E+00
4.931164E-01 -5.597160E-01 1.063630E+00 -4.674594E-01 1.007391E+00 4.586878E+00 1.522270E+00 4.538917E+00
6.010515E-01 -4.517809E-01 1.022120E+00 -3.397648E-01 3.199793E-02 4.845127E+00 7.977067E-01 4.722118E+00
2.463693E-02 -5.148360E-01 9.627753E-02 -4.717161E-01 4.111019E-02 4.788859E+00 1.007717E+00 4.659063E+00
5.071171E-01 -2.831760E-01 1.088569E+00 -1.419151E-01 -3.083912E-01 4.707493E+00 8.269008E-01 4.580919E+00
7.126241E-03 5.753419E-02 1.117885E-01 2.068771E-01 6.933873E-01 4.500141E+00 1.294680E+00 4.428103E+00
5.611261E-02 -1.729592E-01 3.231508E-01 -6.097688E-02 2.177839E-01 4.992871E+00 1.158251E+00 4.809597E+00
-5.003355E-02 -6.039604E-03 8.608094E-02 1.727620E-01 2.666901E-01 4.523301E+00 1.022314E+00 4.412314E+00
3.254980E-01 1.040328E-01 7.990389E-01 2.415433E-01 2.370338E-01 4.871988E+00 9.318542E-01 4.755980E+00
7.993431E-01 1.719121E-02 1.414215E+00 2.171197E-01 2.290251E-01 4.413122E+00 1.105681E+00 4.259965E+00
7.060050E-01 -1.601512E-01 1.259666E+00 -2.453001E-02 5.834228E-01 4.335083E+00 1.204920E+00 4.296237E+00
2.266460E-01 5.666849E-02 4.273979E-01 1.343302E-01 4.023941E-01 4.552653E+00 1.091125E+00 4.419366E+00
2.567895E-01 -2.616304E-01 6.661401E-01 -1.541560E-01 7.575356E-02 4.456356E+00 1.068983E+00 4.365645E+00
6.342125E-01 2.245444E-02 1.120253E+00 2.474139E-01 2.427207E-01 4.395594E+00 1.140172E+00 4.294456E+00
8.967518E-01 -2.668937E-01 1.471278E+00 -1.823843E-01 -2.042610E-01 4.432799E+00 7.650384E-01 4.341714E+00
1.039743E-01 -1.088152E-01 3.893504E-01 2.687302E-02 -2.090715E-01 4.525217E+00 6.964073E-01 4.450425E+00
-1.316525E-01 -3.911111E-01 6.048733E-02 -2.794643E-01 7.787295E-01 4.731226E+00 1.368262E+00 4.646255E+00
2.603317E-01 6.925330E-02 4.624198E-01 2.335076E-01 5.399818E-02 4.857994E+00 1.014666E+00 4.708118E+00
3.740585E-01 2.594170E-03 7.955992E-01 1.477209E-01 2.032949E-01 4.716045E+00 1.119723E+00 4.584393E+00
1.033780E-01 -2.202246E-01 3.804406E-01 -2.150687E-02 6.514550E-02 5.462193E+00 8.677102E-01 5.296148E+00
3.516339E-02 -5.867192E-02 2.971705E-01 1.238826E-01 2.255607E-01 4.408525E+00 1.011436E+00 4.274614E+00
-6.838753E-03 1.371696E-02 1.520308E-01 1.506122E-01 1.525075E-02 4.639269E+00 8.058234E-01 4.517992E+00
9.732112E-01 -5.300293E-01 1.637323E+00 -4.007085E-01 2.178368E-01 4.744909E+00 1.021718E+00 4.572778E+00
7.083904E-01 -1.110968E-01 1.109946E+00 -7.699018E-02 9.806249E-02 4.587242E+00 1.082388E+00 4.453720E+00
6.500022E-01 -2.014403E-02 1.278383E+00 1.282545E-01 2.242248E-01 4.598549E+00 9.645226E-01 4.515582E+00
3.983029E-02 -2.313474E-01 2.033412E-01 -5.333481E-02 6.249444E-01 4.627149E+00 1.188534E+00 4.508634E+00
2.930383E-02 -4.168309E-01 3.930561E-01 -2.789362E-01 9.595596E-01 5.456539E+00 1.433598E+00 5.290288E+00
4.568985E-02 -3.712508E-01 9.832175E-02 -2.496669E-01 3.297735E-02 4.718928E+00 1.024000E+00 4.549443E+00
-1.164592E-01 -4.809749E-01 2.201618E-01 -3.965739E-01 -1.080720E-01 4.531750E+00 1.012981E+00 4.384313E+00
2.305771E-01 -2.888151E-02 6.778297E-01 8.495812E-02 -3.026399E-01 4.889193E+00 7.305810E-01 4.719137E+00
1.500470E-01 -3.508979E-01 4.415608E-01 -2.328462E-01 9.418092E-01 4.499848E+00 1.300540E+00 4.422244E+00
2.871763E-01 -2.312437E-01 6.838350E-01 -1.123960E-01 1.887188E-01 4.880436E+00 1.011192E+00 4.676642E+00
2.066462E-01 -3.234928E-01 3.440287E-01 -2.160514E-01 -4.024370E-01 4.551191E+00 5.386416E-01 4.456105E+00
5.639431E-01 1.318604E-01 1.195238E+00 3.286439E-01 6.590209E-02 4.694118E+00 8.886595E-01 4.591445E+00
1.995940E-01 -2.231025E-01 5.202281E-01 -1.284512E-01 4.723525E-02 4.739129E+00 9.295727E-01 4.590252E+00
5.969308E-03 -1.228159E-01 3.101606E-01 3.145285E-02 -2.705109E-03 4.700273E+00 1.003050E+00 4.570392E+00
9.930740E-02 -1.974864E-01 3.738109E-01 -9.915201E-02 -2.852021E-01 4.727299E+00 6.319797E-01 4.624114E+00
-3.276625E-01 -3.631097E-01 -2.199821E-01 -2.333974E-01 -8.967861E-02 4.489057E+00 8.612544E-01 4.394839E+00
6.464742E-01 8.994067E-02 1.129038E+00 2.407940E-01 4.126336E-01 4.456573E+00 1.100022E+00 4.368363E+00
6.179302E-01 -5.221603E-02 1.181748E+00 2.010742E-01 6.970285E-01 4.595510E+00 1.375807E+00 4.424033E+00
2.965631E-01 1.054847E-01 6.126348E-01 2.135132E-01 1.898129E-01 4.361085E+00 9.881009E-01 4.284207E+00
-1.258967E-01 -1.776261E-01 1.207213E-01 -7.371726E-02 5.125366E-01 4.605477E+00 1.343138E+00 4.472984E+00
4.219202E-01 -7.207631E-02 8.250192E-01 5.668382E-02 6.968476E-01 4.751608E+00 1.066598E+00 4.610709E+00
2.954742E-01 1.065736E-01 7.990389E-01 2.415433E-01 -1.530432E-01 4.386995E+00 8.309981E-01 4.280853E+00
4.726598E-01 -3.094921E-01 1.014977E+00 -2.395750E-01 2.134659E-01 4.531224E+00 1.082388E+00 4.453720E+00
8.120039E-02 7.679813E-02 3.193203E-01 1.898325E-01 4.299339E-01 4.495860E+00 1.143058E+00 4.358100E+00
4.797145E-02 -1.648181E-01 2.572009E-01 -3.882707E-02 2.330711E-01 4.568147E+00 1.098670E+00 4.456105E+00
7.993431E-01 -6.681307E-02 1.329548E+00 8.648492E-02 4.757684E-01 4.715825E+00 1.269064E+00 4.547058E+00
3.367232E-01 1.312063E-02 7.593192E-01 1.888333E-01 -2.790226E-01 4.406495E+00 6.915066E-01 4.296925E+00
-3.255858E-02 -6.443166E-01 4.370353E-03 -5.936810E-01 1.961163E-01 4.379016E+00 1.064859E+00 4.296925E+00
-3.603284E-02 -8.776229E-02 2.971705E-01 1.238826E-01 4.782808E-03 4.382707E+00 9.149756E-01 4.315502E+00
3.332490E-01 -3.637060E-01 7.302955E-01 -2.883553E-01 3.693964E-01 4.647229E+00 1.201342E+00 4.521442E+00
-2.781156E-01 -2.540726E-02 1.910895E-02 8.388721E-02 4.648585E-01 4.469542E+00 1.101056E+00 4.400102E+00
2.579822E-01 -1.476408E-03 5.678397E-01 1.540681E-01 8.638067E-01 4.371721E+00 1.430429E+00 4.329690E+00
1.093425E-01 1.060292E-01 4.682675E-01 2.412677E-01 -6.688871E-02 4.494564E+00 8.869742E-01 4.360978E+00
1.366426E-01 -2.534893E-01 3.879509E-01 -1.373542E-01 8.609889E-02 4.461920E+00 9.959983E-01 4.353433E+00
1.252618E-01 1.056662E-01 3.326851E-01 2.624023E-01 1.802283E-01 4.357932E+00 9.556015E-01 4.296562E+00
4.505179E-01 -1.940122E-01 7.710375E-01 -1.246207E-01 1.474599E-02 4.650026E+00 9.610484E-01 4.519056E+00
1.205872E-01 1.085259E-01 5.087596E-01 2.950026E-01 -1.197351E-02 4.970652E+00 9.750491E-01 4.806123E+00
2.034653E-01 4.787130E-02 6.141795E-01 2.155630E-01 -6.443474E-02 4.451394E+00 9.497884E-01 4.306305E+00
2.685086E-01 -5.626976E-01 7.655806E-01 -4.770126E-01 -1.301646E+00 5.800699E+00 -3.024902E-01 5.582022E+00
2.924395E-01 -3.298450E-01 6.264203E-01 -2.068659E-01 3.078545E-01 4.612554E+00 1.124986E+00 4.496318E+00
1.302905E-01 -4.558514E-01 4.082112E-01 -3.867709E-01 -2.914826E-02 4.419707E+00 7.557045E-01 4.332380E+00
4.548366E-02 1.040328E-01 1.374960E-01 2.409921E-01 4.245514E-02 4.412167E+00 9.925240E-01 4.300905E+00
1.307831E-01 3.238458E-02 4.293200E-01 1.895827E-01 -8.197411E-02 4.547252E+00 9.756454E-01 4.421648E+00
4.586591E-01 -2.861576E-01 9.037095E-01 -1.678954E-01 1.229794E-01 4.711068E+00 8.490427E-01 4.593727E+00
7.900093E-01 -7.201797E-01 1.298659E+00 -6.307935E-01 8.080021E-01 4.413773E+00 1.310282E+00 4.302881E+00
1.349574E-01 -2.738422E-01 3.658011E-01 -2.033041E-01 3.131169E-01 5.168956E+00 1.049720E+00 4.990414E+00
2.573858E-01 -2.768886E-02 5.786648E-01 7.704327E-02 -6.896405E-01 5.203499E+00 3.275419E-01 5.005607E+00
-3.615235E-01 -2.361828E-02 -4.954999E-01 1.686560E-01 9.943147E-02 4.668851E+00 1.018244E+00 4.576252E+00
1.057633E-01 -2.470334E-01 2.834310E-01 -1.136868E-01 -5.267918E-02 4.607817E+00 9.231168E-01 4.474176E+00
4.449720E-02 -7.495423E-02 2.730986E-01 2.680268E-03 6.225781E-01 5.049345E+00 1.133127E+00 4.928059E+00
1.127118E-01 3.992941E-02 4.175977E-01 2.105827E-01 5.074536E-01 4.582404E+00 1.113864E+00 4.489966E+00
3.779195E-01 1.570585E-02 7.593192E-01 1.888333E-01 -1.098680E-01 4.640536E+00 7.743722E-01 4.519056E+00
3.052475E-01 8.453729E-03 6.065645E-01 5.923321E-02 2.085178E-01 4.421367E+00 9.195389E-01 4.343503E+00
1.066566E+00 3.762206E-02 1.708825E+00 1.328505E-01 1.392680E-01 4.421854E+00 1.033565E+00 4.296743E+00
5.578567E-01 -5.390130E-02 1.052779E+00 5.033663E-02 -1.541324E-01 4.343328E+00 6.526157E-01 4.289146E+00
2.153837E-01 2.364710E-02 5.373976E-01 1.340805E-01 1.296318E-01 4.848473E+00 1.018244E+00 4.669590E+00
2.673160E-01 -1.788188E-01 6.355799E-01 -4.848629E-02 -5.393080E-02 4.536496E+00 8.257081E-01 4.414103E+00
2.463693E-02 -1.414835E-01 4.023406E-01 -6.555671E-02 -2.430871E-01 4.943486E+00 7.311774E-01 4.842266E+00
2.924395E-01 -4.983073E-02 7.450571E-01 6.023873E-02 4.435770E-01 4.936309E+00 1.141865E+00 4.793211E+00
6.033331E-01 -1.601512E-01 1.219174E+00 -7.826487E-02 7.680817E-01 4.627961E+00 1.175726E+00 4.538917E+00
2.206469E-01 -2.254878E-01 4.577082E-01 -8.133914E-02 2.598806E-01 4.673405E+00 9.797160E-01 4.556392E+00
-1.108058E-01 7.364602E-02 -2.703981E-01 1.383714E-01 -6.228142E-01 4.417638E+00 2.318186E-01 4.354626E+00
2.521226E-01 -7.335966E-03 6.173598E-01 1.305255E-01 -7.174202E-04 4.744319E+00 9.750491E-01 4.619447E+00
6.379066E-01 -2.194549E-02 1.100764E+00 9.360445E-02 6.430025E-01 4.414147E+00 1.179200E+00 4.349959E+00
2.393145E-01 -3.374935E-01 5.339906E-01 -2.198561E-01 2.270318E-01 4.737980E+00 9.732601E-01 4.600183E+00
2.545079E-01 -4.950659E-03 6.271696E-01 1.231332E-01 1.332551E-01 4.524498E+00 8.997822E-01 4.433367E+00
6.447389E-01 1.192798E-02 1.069458E+00 1.617290E-01 3.240480E-02 4.479701E+00 9.797160E-01 4.369715E+00
1.470679E-02 -6.822482E-01 2.141824E-01 -6.399909E-01 4.769340E-01 4.363631E+00 1.109152E+00 4.270236E+00
4.229066E-01 9.996217E-02 8.906963E-01 2.535085E-01 -1.110407E-01 4.744813E+00 9.383101E-01 4.589656E+00
-1.617256E-02 -1.006741E-01 1.253012E-01 5.472547E-03 6.559335E-01 4.431307E+00 1.256256E+00 4.347574E+00
7.296551E-01 -2.135569E-01 1.180999E+00 -1.289250E-01 6.494699E-01 4.422730E+00 1.259730E+00 4.369715E+00
2.626491E-01 -3.701619E-01 5.991681E-01 -2.430308E-01 6.039144E-01 4.491075E+00 1.193201E+00 4.418770E+00
2.556759E-01 6.677530E-02 5.217497E-01 2.025728E-01 3.087955E-01 4.428443E+00 1.074247E+00 4.352241E+00
-2.565700E-01 -2.014403E-02 -7.001846E-02 1.526564E-01 3.853117E-02 4.415124E+00 8.490427E-01 4.332380E+00
-1.900407E-01 -1.140201E+00 -2.336756E-01 -1.128915E+00 3.165789E-01 4.589506E+00 1.018244E+00 4.482914E+00
1.411046E-02 -3.761899E-02 4.025904E-01 4.444300E-02 1.424977E-01 4.627079E+00 9.884534E-01 4.531372E+00
3.577761E-01 -3.123700E-01 7.840276E-01 -2.170505E-01 -1.212284E-01 4.633625E+00 7.743722E-01 4.519056E+00
3.746548E-01 -2.481093E-02 8.059046E-01 6.787392E-02 1.752262E-01 4.415693E+00 1.068387E+00 4.339432E+00
3.880592E-01 -4.955720E-01 8.811851E-01 -3.988449E-01 5.959116E-01 4.370787E+00 1.191241E+00 4.267743E+00
3.571798E-01 -2.123297E-02 7.547393E-01 1.096435E-01 -4.307255E-01 5.092090E+00 6.349614E-01 4.949008E+00
2.206469E-01 2.891033E-02 3.750654E-01 2.272526E-01 -2.098584E-01 4.488713E+00 8.689029E-01 4.352241E+00
-9.670260E-02 -2.014403E-02 -2.010154E-01 2.938691E-02 -1.597452E-01 4.555216E+00 8.385162E-01 4.465439E+00
5.846655E-01 -4.214978E-01 9.561697E-01 -3.176149E-01 8.048746E-01 4.457450E+00 1.347209E+00 4.375575E+00
3.717768E-01 -1.794151E-01 7.352501E-01 -4.416593E-02 4.626876E-01 4.632665E+00 1.059053E+00 4.523723E+00
3.198607E-01 3.762206E-02 5.614696E-01 2.552828E-01 9.294966E-01 4.547462E+00 1.547886E+00 4.501582E+00
3.279857E-01 2.185812E-02 6.536495E-01 1.582732E-01 -1.125941E-02 4.752263E+00 1.045053E+00 4.603061E+00
3.233188E-01 2.652502E-02 7.339891E-01 2.079209E-01 1.008107E-01 4.533475E+00 1.065509E+00 4.446175E+00
4.259907E-01 -1.508174E-01 8.644893E-01 -6.059517E-04 5.756857E-02 4.673493E+00 8.630434E-01 4.533057E+00
1.042905E-01 -8.921302E-02 5.074877E-01 7.397822E-02 3.502159E-01 4.661682E+00 1.049123E+00 4.564040E+00
-6.838753E-03 -3.036326E-01 3.147185E-02 -1.717449E-01 9.542218E-01 4.626944E+00 1.374614E+00 4.534846E+00
2.579822E-01 -1.476408E-03 5.911325E-01 9.358834E-02 5.444069E-02 4.620114E+00 9.620866E-01 4.445424E+00
5.045775E-01 1.116294E-01 9.558739E-01 2.303338E-01 9.327757E-02 4.798949E+00 1.139583E+00 4.631062E+00
1.048640E-01 5.313453E-02 4.195101E-01 1.969750E-01 5.385240E-01 4.549670E+00 1.189727E+00 4.404769E+00
1.833117E-01 -1.134821E-01 5.344901E-01 1.433834E-04 -5.169331E-02 4.917942E+00 1.029263E+00 4.730856E+00
-5.825127E-02 1.006881E-01 8.555838E-02 2.817369E-01 -2.866659E-01 4.825459E+00 7.557045E-01 4.687065E+00
2.877726E-01 3.884047E-02 6.668894E-01 1.758432E-01 -1.593507E-01 4.615935E+00 7.382296E-01 4.492248E+00
-1.001768E-01 -7.633745E-01 -8.347026E-03 -7.202259E-01 6.417947E-01 5.747689E+00 1.484934E+00 5.509633E+00
1.069559E-01 -5.916454E-02 3.226282E-01 4.799792E-02 1.436382E-01 4.727516E+00 1.106319E+00 4.570989E+00
2.201543E-01 -3.930426E-02 4.600050E-01 1.389129E-01 2.804179E-02 4.384876E+00 1.053723E+00 4.308293E+00
1.086412E-01 -7.563223E-01 2.276777E-01 -7.360151E-01 7.044691E-02 4.422018E+00 9.925240E-01 4.312624E+00
4.778873E-01 5.346361E-02 1.023368E+00 2.102338E-01 3.369962E-01 4.903039E+00 1.194394E+00 4.752402E+00
-1.713731E-01 -4.868345E-01 7.045200E-02 -3.801739E-01 -1.373473E-01 4.375168E+00 7.085148E-01 4.251708E+00
5.473303E-01 -3.654950E-01 9.463598E-01 -3.102227E-01 5.474751E-02 5.187993E+00 9.446623E-01 5.041853E+00
1.885749E-01 -1.268865E-01 4.798580E-01 -1.538927E-02 2.858628E-01 4.792817E+00 1.035719E+00 4.687065E+00
3.928298E-01 -7.183908E-01 6.695959E-01 -5.699649E-01 -4.073139E-02 4.392211E+00 8.052515E-01 4.349362E+00
3.145813E-01 -1.210269E-01 7.053373E-01 7.528791E-03 9.636092E-01 4.550589E+00 1.445214E+00 4.522635E+00
2.159800E-01 -3.234928E-01 5.210004E-01 -1.274263E-01 1.039849E+00 5.354717E+00 1.444021E+00 5.156141E+00
4.633260E-01 -3.001583E-01 1.088569E+00 -1.419151E-01 3.205686E-01 4.814137E+00 1.227062E+00 4.656782E+00
2.043646E-01 -1.857673E-01 4.807581E-01 -7.116146E-02 2.225221E-01 4.607040E+00 9.679968E-01 4.512108E+00
1.413095E-01 -6.214617E-02 5.742099E-01 5.285333E-02 4.806648E-01 4.546854E+00 1.123197E+00 4.443297E+00
1.459765E-01 -3.374935E-01 3.315611E-01 -2.325964E-01 -2.109688E-02 4.429112E+00 7.983030E-01 4.356311E+00
-2.063230E-01 -1.974864E-01 -8.260533E-02 -1.424824E-01 -1.446008E-01 4.594444E+00 7.090355E-01 4.453720E+00
1.459765E-01 -8.041840E-01 3.743621E-01 -7.606950E-01 4.967462E-01 4.896244E+00 1.031441E+00 4.751702E+00
4.213238E-01 -1.554843E-01 9.413795E-01 -1.136408E-01 -6.671169E-02 4.577071E+00 9.867682E-01 4.430385E+00
2.941248E-01 -3.761899E-02 4.950201E-01 5.743315E-02 3.445913E-01 4.484110E+00 1.155082E+00 4.334357E+00
3.254980E-01 1.040328E-01 7.974943E-01 2.394935E-01 -4.440221E-01 4.406869E+00 5.205682E-01 4.283365E+00
2.153998E-01 4.874485E-02 5.217497E-01 2.025728E-01 3.445913E-01 4.484110E+00 9.785233E-01 4.377857E+00
2.265065E-01 -1.262902E-01 5.477300E-01 1.771336E-02 7.312244E-01 4.440684E+00 1.288821E+00 4.366241E+00
1.926455E-01 -3.934964E-01 4.545510E-01 -3.252759E-01 8.042099E-02 4.435254E+00 8.746588E-01 4.381434E+00
2.719829E-01 -6.143313E-03 7.195994E-01 1.361234E-01 3.020487E-01 4.350887E+00 1.004565E+00 4.267743E+00
1.646441E-01 -1.476408E-03 5.612198E-01 1.452831E-01 1.350136E-01 4.507701E+00 1.085862E+00 4.394243E+00
2.037683E-01 -6.051924E-01 7.708107E-01 -5.635947E-01 2.241914E-01 4.645175E+00 1.049720E+00 4.523723E+00
2.731755E-01 -2.361828E-02 6.139297E-01 1.055633E-01 -1.970503E-02 5.089191E+00 1.049720E+00 4.897076E+00
3.228197E-01 9.478443E-02 6.406593E-01 2.507029E-01 5.090699E-01 5.442763E+00 1.128461E+00 5.239549E+00
1.927492E-01 -1.542916E-01 5.072379E-01 -3.602149E-02 -3.084670E-01 4.376987E+00 7.329664E-01 4.310835E+00
-4.233859E-01 -1.601512E-01 -3.983424E-01 -1.313846E-02 1.312500E-01 5.066343E+00 1.116249E+00 4.860933E+00
2.742806E-01 8.320216E-02 5.950648E-01 2.267531E-01 7.985999E-01 5.059305E+00 1.094600E+00 4.814860E+00
2.113131E-01 -4.214978E-01 5.469807E-01 -3.122858E-01 -6.211422E-02 4.573606E+00 9.663116E-01 4.430982E+00
3.612665E-01 6.165662E-02 8.363439E-01 1.996585E-01 3.915888E-01 4.975485E+00 1.139583E+00 4.821316E+00
-1.001768E-01 -8.449935E-01 8.828787E-02 -7.930455E-01 5.244213E-01 4.426649E+00 1.209587E+00 4.403576E+00
4.720635E-01 4.003312E-02 9.029142E-01 1.600539E-01 4.051972E-01 4.446705E+00 1.195482E+00 4.340625E+00
7.567446E-01 -1.455541E-01 1.291373E+00 3.582481E-02 2.635381E-01 4.410851E+00 1.035719E+00 4.313713E+00
2.241212E-01 -2.021533E-01 5.607202E-01 -7.471637E-02 2.600575E-01 4.473434E+00 9.983836E-01 4.388383E+00
1.331684E-01 -4.366912E-01 4.386166E-01 -3.991233E-01 7.471889E-01 5.089782E+00 1.293591E+00 4.954271E+00
3.959979E-01 -8.627949E-02 7.837548E-01 1.924046E-03 6.424828E-03 4.454790E+00 9.925240E-01 4.340625E+00
2.514238E-01 8.476881E-02 5.614696E-01 2.552828E-01 1.794907E-02 4.800590E+00 1.113267E+00 4.657378E+00
3.665136E-01 -1.169564E-01 7.765145E-01 1.059384E-02 2.465297E-01 5.084795E+00 1.043860E+00 4.865600E+00
5.940154E-01 3.067356E-02 9.831261E-01 2.664987E-01 3.411071E-02 4.501096E+00 8.741661E-01 4.373786E+00
3.418989E-01 5.857128E-02 8.321388E-01 2.854683E-01 -1.167069E-01 4.501160E+00 7.743722E-01 4.425718E+00
2.060499E-01 -5.340869E-02 5.809451E-01 4.777802E-02 9.964957E-01 4.406070E+00 1.436476E+00 4.316694E+00
3.880592E-01 -1.408872E-01 8.785015E-01 1.798894E-02 -2.630406E-01 5.076148E+00 7.942324E-01 4.912269E+00
4.633260E-01 -4.868345E-01 8.767301E-01 -4.230348E-01 3.998268E-01 4.568377E+00 1.091722E+00 4.481721E+00
2.579822E-01 -9.481450E-02 7.723093E-01 9.640361E-02 -3.045601E-02 4.415413E+00 9.480048E-01 4.288965E+00
2.966138E-01 -1.473431E-01 8.856170E-01 -4.568071E-02 2.626468E-01 4.748239E+00 1.045053E+00 4.621728E+00
2.562612E-01 6.736062E-02 5.103952E-01 2.079153E-01 8.727456E-01 4.590228E+00 1.340260E+00 4.524916E+00
3.708543E-01 7.406051E-02 8.509766E-01 2.007986E-01 -1.793335E-01 4.548352E+00 8.437794E-01 4.394839E+00
5.849791E-02 -4.249721E-01 2.081966E-01 -3.049165E-01 -3.050029E-01 4.591354E+00 7.708979E-01 4.452631E+00
3.983029E-02 -1.566769E-01 2.704408E-01 -2.125709E-02 7.228200E-03 4.686635E+00 8.449721E-01 4.589656E+00
6.033331E-01 2.652502E-02 1.282066E+00 1.514196E-01 -6.211422E-02 4.573606E+00 7.790391E-01 4.506248E+00
4.259907E-01 -7.614689E-02 6.348076E-01 -4.951120E-02 1.352595E-01 4.590157E+00 9.342396E-01 4.492248E+00
1.500470E-01 -8.021747E-02 4.950201E-01 5.743315E-02 2.286310E-01 4.449460E+00 8.443757E-01 4.395435E+00
-6.870117E-02 -3.281597E-01 -1.267801E-01 -2.193823E-01 5.846916E-01 4.880903E+00 1.186225E+00 4.794480E+00
-2.087083E-01 -1.476408E-03 -1.252584E-01 1.116418E-01 3.774587E-01 4.438591E+00 1.059053E+00 4.367434E+00
3.834960E-01 -2.610341E-01 7.585698E-01 -1.411658E-01 -1.536301E-01 4.809963E+00 8.210412E-01 4.659063E+00
3.356343E-01 -1.222196E-01 6.840848E-01 -2.396310E-03 2.099440E-01 4.616703E+00 1.074843E+00 4.464842E+00
2.894579E-01 -2.102945E-01 7.174274E-01 -2.912876E-02 7.974288E-02 4.482182E+00 1.048527E+00 4.368627E+00
4.743722E-01 8.142420E-02 9.309387E-01 1.972437E-01 1.304162E-01 4.511166E+00 8.513243E-01 4.442104E+00
7.488838E-02 -1.472350E-01 4.023406E-01 -6.555671E-02 7.980964E-01 4.811761E+00 1.381070E+00 4.659063E+00
2.433784E-01 7.725789E-02 5.372796E-01 2.597377E-01 3.630041E-01 5.048722E+00 1.189727E+00 4.871459E+00
-1.915420E-02 2.245444E-02 3.405729E-01 1.997576E-01 -4.441383E-02 4.425931E+00 9.326299E-01 4.289146E+00
5.478908E-01 7.679813E-02 1.129038E+00 2.407940E-01 1.550813E-01 4.402730E+00 9.831902E-01 4.340625E+00
6.825680E-01 1.203151E-01 1.116048E+00 3.332237E-01 -3.275191E-01 4.990582E+00 6.384356E-01 4.862722E+00
2.737719E-01 -4.168957E-02 6.139297E-01 1.055633E-01 4.219987E-02 5.042542E+00 8.892558E-01 4.870863E+00
1.226419E-01 -4.347855E-02 3.225006E-01 1.047950E-01 6.471606E-02 4.643315E+00 9.190462E-01 4.527301E+00
4.283760E-01 -2.044349E-01 9.803270E-01 -6.195581E-02 -9.916749E-02 4.405302E+00 7.911071E-01 4.315645E+00
7.526740E-01 -1.041483E-01 1.391043E+00 4.014517E-02 -1.198768E-01 4.586189E+00 9.085197E-01 4.415296E+00
2.626491E-01 3.190497E-03 6.251198E-01 1.246779E-01 1.856258E-01 5.146162E+00 9.265910E-01 5.020204E+00
7.181472E-02 6.741247E-02 1.655205E-01 2.781819E-01 2.508488E-02 4.380952E+00 8.523797E-01 4.302234E+00
2.874696E-01 5.720511E-02 5.041798E-01 2.158128E-01 1.191535E-01 4.406067E+00 9.026602E-01 4.345292E+00
2.175900E-02 1.401517E-03 7.206868E-02 1.541671E-01 2.602934E-01 4.454617E+00 1.089336E+00 4.353433E+00
1.757669E-01 -6.051924E-01 6.158611E-01 -5.294728E-01 1.109458E-01 4.494893E+00 8.898521E-01 4.433963E+00
4.802207E-01 6.393822E-02 8.708365E-01 2.271536E-01 -9.297090E-02 4.739460E+00 8.898521E-01 4.571585E+00
2.439815E-01 5.575804E-03 5.612198E-01 1.452831E-01 3.635918E-01 4.510057E+00 1.213061E+00 4.416385E+00
-1.736522E-02 3.190497E-03 5.805642E-02 1.355722E-01 -1.247409E-01 4.620799E+00 9.196426E-01 4.477651E+00
3.046512E-01 -4.814545E-02 7.590694E-01 7.883363E-02 3.049064E-02 5.040990E+00 8.279897E-01 4.894794E+00
2.579822E-01 -1.476408E-03 6.168400E-01 1.277034E-01 1.547599E-01 4.718940E+00 9.091161E-01 4.570989E+00
7.188131E-01 3.933308E-02 1.363268E+00 1.129551E-01 7.036605E-02 4.549208E+00 1.011192E+00 4.391857E+00
3.956830E-01 1.134444E-01 8.951513E-01 2.776985E-01 -3.549981E-01 4.515443E+00 7.848986E-01 4.436245E+00
3.424433E-01 5.802681E-02 7.497618E-01 1.944284E-01 -7.138161E-01 4.477948E+00 5.327821E-01 4.356907E+00
2.224359E-01 9.646381E-03 5.859052E-01 6.837348E-02 1.602675E-01 4.571312E+00 9.464513E-01 4.470702E+00
2.859836E-01 -1.041483E-01 7.325895E-01 4.369367E-02 -6.585515E-02 4.380199E+00 9.190049E-01 4.259965E+00
4.131827E-01 -4.467120E-02 9.696364E-01 1.389290E-01 -4.779338E-02 4.555607E+00 9.131867E-01 4.428103E+00
3.105108E-01 -1.473431E-01 7.193496E-01 2.612369E-02 2.550878E-02 4.641915E+00 1.059650E+00 4.524320E+00
1.296941E-01 -1.601512E-01 4.904403E-01 -2.175665E-02 4.099247E-01 4.920348E+00 1.207202E+00 4.702258E+00
5.204203E-02 3.526250E-02 4.602548E-01 2.489126E-01 5.575037E-01 5.173815E+00 1.231729E+00 4.995080E+00
4.038489E-01 -1.612401E-01 7.580473E-01 -3.219100E-02 1.862291E-02 4.481822E+00 9.773307E-01 4.379049E+00
1.470679E-02 -2.888151E-02 2.566784E-01 7.014773E-02 -7.985815E-02 4.473392E+00 9.505219E-01 4.331188E+00
2.032250E-01 1.054847E-01 5.482296E-01 2.377128E-01 2.700746E-02 5.301914E+00 7.475634E-01 5.145614E+00
1.833117E-01 -2.068202E-01 5.246830E-01 -1.042613E-01 4.416106E-02 4.433562E+00 1.008910E+00 4.305572E+00
-7.054479E-02 1.196264E-01 1.772158E-01 2.937021E-01 5.704516E-02 4.731736E+00 8.431831E-01 4.618254E+00
2.859836E-01 -1.228159E-01 7.193496E-01 2.612369E-02 -9.880140E-03 4.616886E+00 9.837865E-01 4.517371E+00
4.330454E-02 -2.231025E-01 1.811914E-01 -1.192847E-01 3.923742E-01 4.733123E+00 1.005332E+00 4.642781E+00
1.506433E-01 -2.581562E-01 5.055954E-01 -1.295913E-01 -1.210415E-02 4.494601E+00 9.371175E-01 4.377364E+00
3.046512E-01 -4.214978E-01 7.029157E-01 -2.677231E-01 4.949598E-01 4.793324E+00 1.159936E+00 4.704047E+00
4.213238E-01 -1.648181E-01 7.752398E-01 -9.863354E-02 5.789860E-01 4.803327E+00 1.148917E+00 4.725593E+00
2.443716E-01 6.252323E-02 5.482296E-01 2.377128E-01 5.525938E-03 4.574333E+00 9.989799E-01 4.420559E+00
5.846655E-01 4.519264E-02 1.115798E+00 2.232240E-01 -6.624140E-03 4.447039E+00 9.732601E-01 4.320168E+00
2.087286E-01 4.260807E-02 2.963982E-01 1.228577E-01 -3.081032E-02 4.851282E+00 1.039193E+00 4.683591E+00
-2.018855E-01 4.710341E+00 -1.735384E-01 5.504742E+00 5.562112E-03 -1.402775E+00 8.435870E-01 -8.366796E-01
-3.609371E-02 4.567987E+00 1.336493E-01 5.314580E+00 4.662794E-01 -6.569776E-01 1.057668E+00 -1.827167E-01
-1.741822E-01 4.787695E+00 1.236107E-01 5.570067E+00 2.604116E-01 -1.053611E+00 9.287840E-01 -5.298566E-01
-1.630594E-01 4.612142E+00 -4.434046E-02 5.407384E+00 1.052860E-01 -5.027588E-01 8.768985E-01 -6.948563E-02
1.169548E-01 4.518804E+00 2.292065E-01 5.283893E+00 4.539951E-01 -1.390433E+00 1.110793E+00 -8.052040E-01
9.511113E-02 4.540648E+00 3.751426E-01 5.297884E+00 2.228244E-02 -1.819259E+00 8.190598E-01 -1.250841E+00
-3.166015E-02 4.587977E+00 8.211151E-02 5.295660E+00 2.349488E-01 -1.073632E+00 1.015666E+00 -5.875447E-01
8.656810E-02 4.955107E+00 2.198182E-01 5.757935E+00 -7.231965E-02 -9.577860E-01 6.861049E-01 -4.504155E-01
3.170354E-01 4.532208E+00 7.102898E-01 5.251934E+00 7.159730E-01 -9.960008E-01 1.332419E+00 -4.574677E-01
-2.149667E-02 4.809967E+00 1.086372E-01 5.580295E+00 1.522005E-01 -7.695060E-01 9.369251E-01 -2.579834E-01
2.244233E-01 4.750723E+00 5.855077E-01 5.511246E+00 -4.443960E-01 -7.496713E-01 5.134294E-01 -3.011782E-01
1.836138E-01 4.616575E+00 6.813579E-01 5.273736E+00 -4.760220E-01 -7.258394E-01 4.803994E-01 -2.418389E-01
2.288309E-01 4.780280E+00 3.521081E-01 5.604485E+00 1.689939E-01 -1.748004E+00 1.001069E+00 -1.162170E+00
1.280642E-01 4.522784E+00 4.476155E-01 5.251489E+00 1.147861E-01 -5.368218E-01 9.013579E-01 -3.688511E-02
-2.305231E-02 4.845487E+00 2.628059E-01 5.547817E+00 1.921293E-01 -7.603860E-01 9.503295E-01 -2.713878E-01
-4.501259E-01 5.165118E+00 -4.272985E-01 5.935668E+00 2.684298E-01 -5.905281E-01 9.852794E-01 -1.512410E-01
1.355576E-01 4.612206E+00 4.597303E-01 5.358103E+00 4.626313E-02 -4.851860E-01 8.676414E-01 -2.053993E-02
3.014791E-01 4.547764E+00 6.945998E-01 5.305078E+00 -7.315969E-02 -1.463375E+00 7.391261E-01 -9.318067E-01
2.081410E-01 5.107793E+00 5.401709E-01 5.917295E+00 -3.548632E-01 -5.526881E-01 6.585961E-01 -1.045719E-01
-1.520931E-02 5.177032E+00 6.805060E-02 5.995205E+00 1.864722E-03 -7.058045E-01 7.677239E-01 -1.739792E-01
2.688062E-01 4.706340E+00 6.315996E-01 5.476513E+00 -4.264996E-01 -1.216626E+00 3.903009E-01 -6.447402E-01
4.025953E-01 4.539986E+00 7.823091E-01 5.280305E+00 3.948161E-01 -8.862172E-01 9.544001E-01 -3.687965E-01
-2.927485E-02 4.590363E+00 2.459389E-01 5.353925E+00 7.774403E-01 -7.541324E-01 1.047738E+00 -1.821203E-01
6.644735E-01 4.736657E+00 1.001539E+00 5.602731E+00 1.939940E-02 -5.537359E-01 8.599680E-01 -6.308160E-02
1.777542E-01 4.517377E+00 5.447137E-01 5.285846E+00 5.321772E-02 -5.389553E-01 8.786286E-01 -7.121567E-02
7.812878E-02 4.617003E+00 3.582285E-01 5.393270E+00 2.331369E-01 -5.991014E-01 9.077311E-01 -1.354513E-01
3.920040E-01 4.557526E+00 6.101409E-01 5.327402E+00 -2.080027E-01 -7.129399E-01 7.362482E-01 -2.439827E-01
4.359248E-01 4.539221E+00 8.273911E-01 5.320756E+00 -3.909368E-01 -4.593919E-01 5.923051E-01 -2.521784E-02
2.102929E-01 4.985494E+00 5.636972E-01 5.775605E+00 2.336154E-01 -7.081347E-01 8.015849E-01 -2.159813E-01
5.555911E-02 4.793684E+00 2.938813E-01 5.565721E+00 1.864722E-03 -7.058045E-01 8.277973E-01 -2.153850E-01
1.222181E-01 4.617405E+00 4.393198E-01 5.373484E+00 -5.720010E-01 -5.708730E-01 5.244485E-01 -1.372402E-01
5.862251E-01 4.658409E+00 1.090797E+00 5.378407E+00 -7.306898E-02 -1.287785E+00 6.335763E-01 -7.410600E-01
1.699761E-01 4.711832E+00 2.484185E-01 5.528724E+00 -6.081715E-01 -7.915395E-01 5.343786E-01 -3.221275E-01
3.635748E-01 5.101700E+00 6.551287E-01 5.946411E+00 3.293718E-01 -8.771659E-01 1.014803E+00 -4.291994E-01
2.154393E-01 4.486874E+00 4.061306E-01 5.286974E+00 -3.683756E-02 -5.816950E-01 7.263181E-01 -1.220469E-01
4.309981E-01 4.544148E+00 7.210777E-01 5.326446E+00 -2.305402E-01 -1.014216E+00 5.810477E-01 -5.554727E-01
3.644304E-01 4.517377E+00 7.539278E-01 5.260371E+00 -3.433968E-01 -7.348745E-01 6.469807E-01 -2.947223E-01
3.900405E-02 5.420308E+00 2.771188E-01 6.322121E+00 -1.197604E-01 -1.517052E+00 8.529208E-01 -1.014022E+00
2.662958E-01 4.668145E+00 6.266028E-01 5.420410E+00 6.778785E-02 -1.333968E+00 1.010403E+00 -7.794842E-01
3.685703E-01 4.449327E+00 8.236095E-01 5.182978E+00 6.672654E-02 -7.485292E-01 8.884671E-01 -2.480533E-01
-3.083048E-02 4.666589E+00 1.451165E-01 5.429900E+00 -3.917020E-02 -6.820906E-01 8.324642E-01 -2.107181E-01
-6.558596E-02 4.821491E+00 2.729913E-01 5.647667E+00 -1.947608E-01 -6.815979E-01 5.063772E-01 -1.914541E-01
-3.985566E-01 4.967786E+00 -2.996676E-01 5.765069E+00 5.627082E-01 -1.540763E+00 1.275224E+00 -9.813537E-01
1.131824E-01 4.605388E+00 3.508400E-01 5.365736E+00 -4.727235E-01 -7.200608E-01 6.218572E-01 -2.346489E-01
1.116916E-01 4.700216E+00 3.697128E-01 5.457983E+00 -1.462266E-02 -9.908878E-01 7.986032E-01 -5.164522E-01
1.369447E-01 4.569906E+00 5.696076E-01 5.284579E+00 -1.067514E-01 -7.841420E-01 7.665312E-01 -2.977040E-01
-2.200216E-01 4.586292E+00 1.499740E-03 5.248880E+00 8.799727E-02 -5.723717E-01 8.452723E-01 -1.045719E-01
1.662425E-01 4.540608E+00 4.793125E-01 5.252488E+00 -2.644329E-01 -5.547194E-01 6.079602E-01 -1.401182E-01
-4.804090E-01 4.854821E+00 -5.586957E-01 5.629697E+00 5.292341E-03 -5.204251E-01 7.345335E-01 -1.056902E-01
2.271716E-01 4.815697E+00 6.875798E-01 5.610997E+00 -1.452144E-01 -5.061793E-01 7.509688E-01 -2.650320E-02
2.240603E-01 4.641465E+00 5.576325E-01 5.378356E+00 2.596189E-01 -1.131431E+00 1.024404E+00 -5.788072E-01
1.967487E-03 4.590492E+00 2.017934E-01 5.344814E+00 -3.622835E-01 -6.297374E-01 5.682396E-01 -1.693123E-01
-2.078099E-01 4.691842E+00 -7.081838E-02 5.386016E+00 2.681565E-01 -1.205033E+00 9.077311E-01 -6.954799E-01
3.294805E-01 4.575766E+00 8.135074E-01 5.339436E+00 1.124807E-01 -8.222160E-01 9.223281E-01 -3.075304E-01
6.988919E-01 4.742945E+00 1.157263E+00 5.525649E+00 -7.577021E-03 -1.078838E+00 5.291154E-01 -6.074050E-01
