
TOTEM_D0_14_PRL_preliminary_1_cross_section.pdf

	   x       y      yu
	 2.76    84.70  1.2000
	 7.00    98.30  1.0182
	 8.00   101.50  0.7636
	13.00   110.30  1.2727
	 1.96    80.46  1.583

	c constant   = 73.75607
	b coeff ln   = 8.41508
	a coeff ln2  = 2.29419




TOTEM_D0_14_PRL_preliminary_1_dsdt.pdf

Table D0

	   x         y            yu
        0.497768   0.0746       0.0051
        0.537768   0.0381       0.0036
        0.577768   0.022        0.003
        0.639198   0.0104       0.0013
        0.719198   0.0119       0.0017
        0.799198   0.00928      0.0015
        0.879198   0.0112       0.0017
        0.959198   0.00811      0.0015

Extrapolation center and its uncertainy

	   x           y            yu+             yu-
        0.497768   0.0668902    0.00329289      0.00329289
        0.537768   0.0311519    0.00153355      0.00153356
        0.577768   0.0139432    0.000686395     0.000686395
        0.639198   0.00642244   0.000316165     0.000316166
        0.719198   0.0082697    0.000407103     0.000407103
        0.799198   0.0119981    0.000590645     0.000590645
        0.879198   0.0123165    0.000606318     0.000606322
        0.959198   0.00812999   0.000400226     0.000400225

Band up
           x                y
        0.48614         0.0906991
        0.497768        0.0726482
        0.517979        0.0510074
        0.537768        0.0346938
        0.577768        0.0153594
        0.596504        0.0110339
        0.639198        0.00739422
        0.65156         0.00723151
        0.71804         0.00906291
        0.719198        0.00912669
        0.799198        0.0133463
        0.859522        0.0141938
        0.879198        0.0136472
        0.915033        0.0118163
        0.959198        0.00907563
        0.970003        0.00843774

Band down
           x                y
        0.48614         0.0749064
        0.497768        0.0611322
        0.517979        0.0411749
        0.537768        0.02761
        0.577768        0.012527
        0.596504        0.00898885
        0.639198        0.00545066
        0.65156         0.00526034
        0.71804         0.00735573
        0.719198        0.00741271
        0.799198        0.01065
        0.859522        0.0112915
        0.879198        0.0109859
        0.915033        0.00985877
        0.959198        0.00718436
        0.970003        0.00641991


